0.000000e+00 -1.000000e+00 0.000000e+00 0.000000e+00 0.000000e+00 0.000000e+00 -1.000000e+00 0.000000e+00 1.000000e+00 0.000000e+00 0.000000e+00 0.000000e+00
-1.625142e-04 -9.999999e-01 4.829037e-04 4.105630e-03 -1.202781e-03 -4.827079e-04 -9.999992e-01 -1.253491e-02 9.999993e-01 -1.630949e-04 -1.202703e-03 5.032631e-01
-3.401112e-03 -9.999942e-01 2.269769e-04 -4.646412e-04 -2.337990e-03 -2.190258e-04 -9.999973e-01 -3.042296e-02 9.999915e-01 -3.401633e-03 -2.337232e-03 1.127878e+00
-5.204948e-03 -9.999838e-01 2.278909e-03 -6.381932e-03 -3.952133e-03 -2.258352e-03 -9.999896e-01 -3.407429e-02 9.999787e-01 -5.213901e-03 -3.940315e-03 1.698895e+00
-7.080047e-03 -9.999675e-01 3.873799e-03 -1.501469e-02 -5.586231e-03 -3.834285e-03 -9.999771e-01 -4.574897e-02 9.999593e-01 -7.101524e-03 -5.558902e-03 2.253789e+00
-8.177495e-03 -9.999517e-01 5.452638e-03 -9.034012e-03 -6.422781e-03 -5.400185e-03 -9.999648e-01 -5.772538e-02 9.999459e-01 -8.212228e-03 -6.378311e-03 2.814465e+00
-9.603793e-03 -9.999342e-01 6.278309e-03 -1.276639e-02 -6.073610e-03 -6.220151e-03 -9.999622e-01 -6.851481e-02 9.999354e-01 -9.641562e-03 -6.013473e-03 3.387538e+00
-1.078940e-02 -9.999180e-01 6.899292e-03 -1.647072e-02 -6.339054e-03 -6.831158e-03 -9.999565e-01 -7.953338e-02 9.999217e-01 -1.083267e-02 -6.264830e-03 3.979299e+00
-1.230874e-02 -9.999059e-01 6.057542e-03 -2.676470e-02 -8.134577e-03 -5.957669e-03 -9.999492e-01 -9.815688e-02 9.998912e-01 -1.235739e-02 -8.060480e-03 4.575587e+00
-1.311193e-02 -9.999002e-01 5.263719e-03 -3.336242e-02 -1.188864e-02 -5.107905e-03 -9.999163e-01 -1.115805e-01 9.998434e-01 -1.317341e-02 -1.182048e-02 5.166338e+00
-1.463981e-02 -9.998863e-01 3.619174e-03 -5.379269e-02 -1.508843e-02 -3.398236e-03 -9.998804e-01 -1.251049e-01 9.997790e-01 -1.469267e-02 -1.503696e-02 5.781529e+00
-1.558245e-02 -9.998773e-01 1.629837e-03 -7.185463e-02 -1.604104e-02 -1.379836e-03 -9.998704e-01 -1.398198e-01 9.997499e-01 -1.560657e-02 -1.601757e-02 6.404500e+00
-1.657167e-02 -9.998624e-01 -7.502717e-04 -8.839799e-02 -1.058129e-02 9.257064e-04 -9.999436e-01 -1.473878e-01 9.998067e-01 -1.656279e-02 -1.059518e-02 7.038078e+00
-1.767972e-02 -9.998405e-01 -2.530639e-03 -1.059897e-01 -8.825916e-04 2.546640e-03 -9.999964e-01 -1.587225e-01 9.998433e-01 -1.767743e-02 -9.274748e-04 7.692154e+00
-1.755437e-02 -9.998425e-01 -2.611354e-03 -1.233040e-01 5.576284e-03 2.513813e-03 -9.999813e-01 -1.681265e-01 9.998304e-01 -1.756860e-02 5.531278e-03 8.358574e+00
-1.953223e-02 -9.998008e-01 -4.105823e-03 -1.425934e-01 6.879674e-03 3.972109e-03 -9.999685e-01 -1.905729e-01 9.997855e-01 -1.955986e-02 6.800719e-03 9.049944e+00
-2.063874e-02 -9.997676e-01 -6.230990e-03 -1.519783e-01 1.444748e-03 6.202488e-03 -9.999797e-01 -1.966820e-01 9.997860e-01 -2.064733e-02 1.316401e-03 9.743811e+00
-2.165930e-02 -9.997434e-01 -6.636490e-03 -1.708202e-01 -5.469000e-03 6.756428e-03 -9.999622e-01 -1.902331e-01 9.997504e-01 -2.162218e-02 -5.613936e-03 1.044837e+01
-2.277046e-02 -9.997255e-01 -5.511601e-03 -1.936875e-01 -5.137246e-03 5.629964e-03 -9.999710e-01 -1.879018e-01 9.997275e-01 -2.274149e-02 -5.264033e-03 1.117108e+01
-2.335647e-02 -9.997143e-01 -5.072096e-03 -2.151408e-01 3.444905e-03 4.992968e-03 -9.999816e-01 -1.973058e-01 9.997213e-01 -2.337351e-02 3.327303e-03 1.191921e+01
-2.419482e-02 -9.997007e-01 -3.616421e-03 -2.456464e-01 1.121923e-02 3.345727e-03 -9.999315e-01 -1.993742e-01 9.996443e-01 -2.423374e-02 1.113493e-02 1.270254e+01
-2.540009e-02 -9.996734e-01 -2.828840e-03 -2.586893e-01 1.385685e-02 2.477404e-03 -9.999009e-01 -1.992359e-01 9.995813e-01 -2.543677e-02 1.378940e-02 1.350550e+01
-2.537204e-02 -9.996778e-01 -7.618382e-04 -2.750525e-01 1.430821e-02 3.988602e-04 -9.998975e-01 -1.935403e-01 9.995757e-01 -2.538034e-02 1.429348e-02 1.430312e+01
-2.538990e-02 -9.996774e-01 6.783225e-04 -2.974285e-01 1.233632e-02 -9.918085e-04 -9.999234e-01 -1.917050e-01 9.996015e-01 -2.537959e-02 1.235753e-02 1.512122e+01
-2.483628e-02 -9.996905e-01 -1.402751e-03 -3.239888e-01 9.031350e-03 1.178752e-03 -9.999585e-01 -1.887802e-01 9.996507e-01 -2.484792e-02 8.999280e-03 1.595327e+01
-2.418630e-02 -9.997070e-01 9.071777e-04 -3.398859e-01 3.488392e-03 -9.918336e-04 -9.999934e-01 -1.805677e-01 9.997014e-01 -2.418298e-02 3.511359e-03 1.679629e+01
-2.372924e-02 -9.997128e-01 3.349156e-03 -3.623844e-01 -2.565510e-03 -3.289194e-03 -9.999913e-01 -1.854714e-01 9.997151e-01 -2.373763e-02 -2.486723e-03 1.766366e+01
-2.234075e-02 -9.997470e-01 2.589538e-03 -3.855768e-01 -7.364859e-03 -2.425538e-03 -9.999700e-01 -2.031060e-01 9.997233e-01 -2.235915e-02 -7.308808e-03 1.854487e+01
-2.234907e-02 -9.997489e-01 1.615882e-03 -4.081490e-01 -9.420377e-03 -1.405625e-03 -9.999546e-01 -2.093941e-01 9.997059e-01 -2.236328e-02 -9.386597e-03 1.945788e+01
-2.216347e-02 -9.997543e-01 3.418306e-04 -4.192755e-01 -9.210906e-03 -1.377042e-04 -9.999576e-01 -2.254912e-01 9.997119e-01 -2.216568e-02 -9.205591e-03 2.037572e+01
-2.247987e-02 -9.997473e-01 2.328083e-04 -4.592161e-01 -9.357112e-03 -2.245716e-05 -9.999563e-01 -2.431937e-01 9.997035e-01 -2.248106e-02 -9.354242e-03 2.130687e+01
-2.247973e-02 -9.997452e-01 -2.047738e-03 -5.038470e-01 -1.098909e-02 2.295225e-03 -9.999370e-01 -2.587410e-01 9.996869e-01 -2.245581e-02 -1.103789e-02 2.223327e+01
-2.325724e-02 -9.997072e-01 -6.682934e-03 -5.279296e-01 -1.211985e-02 6.966195e-03 -9.999023e-01 -2.815670e-01 9.996560e-01 -2.317397e-02 -1.227832e-02 2.319559e+01
-2.307119e-02 -9.997003e-01 -8.183950e-03 -5.522119e-01 -1.197510e-02 8.461886e-03 -9.998925e-01 -2.972196e-01 9.996621e-01 -2.297070e-02 -1.216674e-02 2.415673e+01
-2.281783e-02 -9.996948e-01 -9.467068e-03 -5.827874e-01 -1.197380e-02 9.742130e-03 -9.998809e-01 -3.195544e-01 9.996679e-01 -2.270175e-02 -1.219244e-02 2.513291e+01
-2.310522e-02 -9.996805e-01 -1.025264e-02 -6.212960e-01 -1.193807e-02 1.053054e-02 -9.998733e-01 -3.419690e-01 9.996617e-01 -2.297990e-02 -1.217756e-02 2.612181e+01
-2.301290e-02 -9.996710e-01 -1.132759e-02 -6.496909e-01 -1.107881e-02 1.158490e-02 -9.998715e-01 -3.630065e-01 9.996738e-01 -2.288444e-02 -1.134176e-02 2.710411e+01
-2.385118e-02 -9.996442e-01 -1.194152e-02 -6.858441e-01 -9.368366e-03 1.216789e-02 -9.998821e-01 -3.868985e-01 9.996716e-01 -2.373649e-02 -9.655251e-03 2.811471e+01
-2.449209e-02 -9.996304e-01 -1.179808e-02 -7.097625e-01 -7.876058e-03 1.199420e-02 -9.998971e-01 -4.012668e-01 9.996690e-01 -2.439664e-02 -8.166910e-03 2.912283e+01
-2.462391e-02 -9.996414e-01 -1.052768e-02 -7.441463e-01 -8.313349e-03 1.073526e-02 -9.999078e-01 -4.183189e-01 9.996622e-01 -2.453412e-02 -8.574712e-03 3.013590e+01
-2.434830e-02 -9.996330e-01 -1.188154e-02 -7.657450e-01 -8.771567e-03 1.209822e-02 -9.998884e-01 -4.431037e-01 9.996651e-01 -2.424136e-02 -9.062918e-03 3.116963e+01
-2.437381e-02 -9.996342e-01 -1.171822e-02 -7.899457e-01 -8.898117e-03 1.193817e-02 -9.998891e-01 -4.565614e-01 9.996633e-01 -2.426683e-02 -9.185840e-03 3.220869e+01
-2.484676e-02 -9.996158e-01 -1.228454e-02 -8.109916e-01 -6.679018e-03 1.245405e-02 -9.999002e-01 -4.808094e-01 9.996690e-01 -2.476223e-02 -6.985895e-03 3.325549e+01
-2.549116e-02 -9.995789e-01 -1.386465e-02 -8.549842e-01 -2.875339e-03 1.394241e-02 -9.998987e-01 -5.025600e-01 9.996709e-01 -2.544871e-02 -3.229536e-03 3.432524e+01
-2.567807e-02 -9.995883e-01 -1.280203e-02 -8.767367e-01 -3.143905e-04 1.281432e-02 -9.999179e-01 -5.118062e-01 9.996702e-01 -2.567193e-02 -6.433082e-04 3.536923e+01
-2.667859e-02 -9.995782e-01 -1.147091e-02 -9.085632e-01 5.193070e-04 1.146114e-02 -9.999342e-01 -5.299881e-01 9.996439e-01 -2.668279e-02 2.133210e-04 3.643756e+01
-2.663566e-02 -9.995841e-01 -1.105248e-02 -9.452352e-01 -1.042998e-04 1.105919e-02 -9.999388e-01 -5.451238e-01 9.996452e-01 -2.663288e-02 -3.988252e-04 3.748400e+01
-2.730427e-02 -9.995582e-01 -1.174079e-02 -9.713838e-01 -4.272138e-04 1.175684e-02 -9.999308e-01 -5.562280e-01 9.996271e-01 -2.729736e-02 -7.480369e-04 3.856360e+01
-2.800687e-02 -9.995372e-01 -1.187623e-02 -1.013975e+00 1.009792e-04 1.187806e-02 -9.999294e-01 -5.672165e-01 9.996077e-01 -2.800609e-02 -2.317349e-04 3.964513e+01
-2.835299e-02 -9.995152e-01 -1.286361e-02 -1.050040e+00 1.955351e-03 1.281330e-02 -9.999160e-01 -5.838494e-01 9.995961e-01 -2.837576e-02 1.591107e-03 4.073375e+01
-2.908407e-02 -9.994931e-01 -1.294723e-02 -1.088939e+00 4.583941e-03 1.281921e-02 -9.999073e-01 -5.988554e-01 9.995664e-01 -2.914073e-02 4.208783e-03 4.180061e+01
-2.988912e-02 -9.994640e-01 -1.335537e-02 -1.122730e+00 5.021106e-03 1.321104e-02 -9.999001e-01 -6.110587e-01 9.995406e-01 -2.995320e-02 4.623549e-03 4.289327e+01
-3.002063e-02 -9.994650e-01 -1.297675e-02 -1.167643e+00 2.180548e-03 1.291708e-02 -9.999142e-01 -6.270302e-01 9.995469e-01 -3.004635e-02 1.791602e-03 4.395649e+01
-3.061663e-02 -9.994315e-01 -1.411829e-02 -1.201108e+00 -9.034107e-04 1.415258e-02 -9.998994e-01 -6.437478e-01 9.995308e-01 -3.060080e-02 -1.336201e-03 4.501960e+01
-3.051239e-02 -9.994079e-01 -1.590232e-02 -1.230654e+00 -2.154887e-03 1.597547e-02 -9.998701e-01 -6.558646e-01 9.995320e-01 -3.047416e-02 -2.641060e-03 4.609233e+01
-3.054360e-02 -9.993820e-01 -1.739966e-02 -1.275323e+00 1.272720e-04 1.740389e-02 -9.998485e-01 -6.723819e-01 9.995334e-01 -3.054118e-02 -4.043840e-04 4.717207e+01
-3.009055e-02 -9.993732e-01 -1.864935e-02 -1.321991e+00 2.507199e-03 1.858228e-02 -9.998242e-01 -6.801985e-01 9.995440e-01 -3.013202e-02 1.946476e-03 4.827283e+01
-2.993542e-02 -9.994323e-01 -1.545949e-02 -1.348782e+00 3.242817e-03 1.536924e-02 -9.998766e-01 -6.879503e-01 9.995466e-01 -2.998186e-02 2.780891e-03 4.934334e+01
-2.987132e-02 -9.994136e-01 -1.673638e-02 -1.396273e+00 2.943933e-03 1.665582e-02 -9.998569e-01 -7.028638e-01 9.995494e-01 -2.991631e-02 2.444676e-03 5.040955e+01
-2.990255e-02 -9.994282e-01 -1.578772e-02 -1.425712e+00 1.799398e-03 1.574094e-02 -9.998745e-01 -7.170417e-01 9.995512e-01 -2.992721e-02 1.327675e-03 5.149584e+01
-2.943585e-02 -9.994500e-01 -1.527527e-02 -1.469103e+00 4.545513e-05 1.528056e-02 -9.998832e-01 -7.236184e-01 9.995667e-01 -2.943311e-02 -4.043661e-04 5.257474e+01
-2.875137e-02 -9.994806e-01 -1.455736e-02 -1.500133e+00 -2.176552e-03 1.462594e-02 -9.998907e-01 -7.428212e-01 9.995842e-01 -2.871654e-02 -2.595937e-03 5.364246e+01
-2.866931e-02 -9.994993e-01 -1.338481e-02 -1.530912e+00 -5.890478e-03 1.355901e-02 -9.998907e-01 -7.673727e-01 9.995716e-01 -2.858733e-02 -6.276256e-03 5.471679e+01
-2.894098e-02 -9.995073e-01 -1.214917e-02 -1.567670e+00 -7.075804e-03 1.235881e-02 -9.998986e-01 -7.921439e-01 9.995561e-01 -2.885208e-02 -7.429994e-03 5.579770e+01
-2.833516e-02 -9.995325e-01 -1.148247e-02 -1.604603e+00 -5.804696e-03 1.165142e-02 -9.999152e-01 -8.102880e-01 9.995816e-01 -2.826611e-02 -6.132127e-03 5.687372e+01
-2.842615e-02 -9.995241e-01 -1.198210e-02 -1.639597e+00 -2.228217e-04 1.199328e-02 -9.999281e-01 -8.310567e-01 9.995959e-01 -2.842144e-02 -5.636384e-04 5.797124e+01
-2.796519e-02 -9.995461e-01 -1.120246e-02 -1.669975e+00 4.813944e-03 1.107204e-02 -9.999271e-01 -8.378533e-01 9.995973e-01 -2.801708e-02 4.502127e-03 5.905795e+01
-2.792662e-02 -9.995763e-01 -8.212348e-03 -1.697743e+00 6.542531e-03 8.032600e-03 -9.999464e-01 -8.510938e-01 9.995885e-01 -2.797885e-02 6.315435e-03 6.014335e+01
-2.772236e-02 -9.995995e-01 -5.683365e-03 -1.718657e+00 4.446840e-03 5.562172e-03 -9.999747e-01 -8.685768e-01 9.996058e-01 -2.774693e-02 4.290863e-03 6.122733e+01
-2.759147e-02 -9.996172e-01 -2.057078e-03 -1.750330e+00 1.775721e-03 2.008845e-03 -9.999964e-01 -8.783646e-01 9.996177e-01 -2.759502e-02 1.719614e-03 6.231778e+01
-2.877454e-02 -9.995821e-01 -2.773530e-03 -1.788786e+00 -1.489520e-03 2.817553e-03 -9.999949e-01 -8.934304e-01 9.995848e-01 -2.877026e-02 -1.569971e-03 6.337778e+01
-2.735879e-02 -9.996233e-01 -2.184775e-03 -1.824789e+00 -5.899221e-03 2.347011e-03 -9.999799e-01 -9.106569e-01 9.996083e-01 -2.734536e-02 -5.961210e-03 6.446033e+01
-2.709501e-02 -9.996171e-01 -5.615557e-03 -1.858770e+00 -6.330308e-03 5.789087e-03 -9.999632e-01 -9.295524e-01 9.996128e-01 -2.705847e-02 -6.484739e-03 6.554418e+01
-2.631255e-02 -9.996151e-01 -8.797683e-03 -1.903369e+00 -3.871630e-03 8.902568e-03 -9.999529e-01 -9.434554e-01 9.996462e-01 -2.627725e-02 -4.104388e-03 6.663091e+01
-2.590275e-02 -9.995995e-01 -1.140116e-02 -1.947104e+00 -1.582072e-03 1.144596e-02 -9.999332e-01 -9.627579e-01 9.996632e-01 -2.588299e-02 -1.877920e-03 6.771535e+01
-2.660165e-02 -9.995847e-01 -1.108192e-02 -1.987150e+00 -9.833378e-04 1.111200e-02 -9.999378e-01 -9.783438e-01 9.996457e-01 -2.658910e-02 -1.278527e-03 6.880746e+01
-2.631600e-02 -9.996060e-01 -9.769611e-03 -2.013958e+00 2.515831e-04 9.766372e-03 -9.999523e-01 -1.000217e+00 9.996536e-01 -2.631720e-02 -5.527860e-06 6.991012e+01
-2.645788e-02 -9.996074e-01 -9.225151e-03 -2.044257e+00 1.159158e-03 9.197697e-03 -9.999570e-01 -1.014191e+00 9.996493e-01 -2.646744e-02 9.153510e-04 7.101019e+01
-2.701256e-02 -9.995959e-01 -8.846857e-03 -2.083307e+00 3.061120e-03 8.767328e-03 -9.999569e-01 -1.025524e+00 9.996304e-01 -2.703848e-02 2.823055e-03 7.209781e+01
-2.724052e-02 -9.996071e-01 -6.604450e-03 -2.101102e+00 5.171984e-03 6.465877e-03 -9.999657e-01 -1.034505e+00 9.996156e-01 -2.727375e-02 4.993818e-03 7.318599e+01
-2.803279e-02 -9.995891e-01 -5.977694e-03 -2.138532e+00 4.594889e-03 5.851126e-03 -9.999723e-01 -1.051347e+00 9.995964e-01 -2.805948e-02 4.428978e-03 7.425779e+01
-2.896238e-02 -9.995660e-01 -5.396803e-03 -2.172781e+00 1.838777e-03 5.345782e-03 -9.999840e-01 -1.074741e+00 9.995788e-01 -2.897184e-02 1.683152e-03 7.533493e+01
-3.000468e-02 -9.995310e-01 -6.116746e-03 -2.209833e+00 -5.800934e-04 6.136914e-03 -9.999810e-01 -1.086850e+00 9.995496e-01 -3.000056e-02 -7.639575e-04 7.640244e+01
-3.021089e-02 -9.995093e-01 -8.278537e-03 -2.258253e+00 2.289713e-04 8.275396e-03 -9.999657e-01 -1.105536e+00 9.995435e-01 -3.021175e-02 -2.114822e-05 7.748862e+01
-3.054439e-02 -9.994846e-01 -9.875145e-03 -2.298222e+00 4.359380e-03 9.746450e-03 -9.999430e-01 -1.118770e+00 9.995239e-01 -3.058570e-02 4.059433e-03 7.858573e+01
-3.185709e-02 -9.994351e-01 -1.071033e-02 -2.346134e+00 8.073349e-03 1.045811e-02 -9.999127e-01 -1.132304e+00 9.994598e-01 -3.194078e-02 7.735623e-03 7.966116e+01
-3.234441e-02 -9.994088e-01 -1.165727e-02 -2.383367e+00 9.236754e-03 1.136398e-02 -9.998928e-01 -1.137464e+00 9.994341e-01 -3.244862e-02 8.863732e-03 8.072313e+01
-3.298233e-02 -9.994022e-01 -1.035891e-02 -2.426130e+00 8.269208e-03 1.009132e-02 -9.999149e-01 -1.141480e+00 9.994217e-01 -3.306519e-02 7.931429e-03 8.176474e+01
-3.388954e-02 -9.993788e-01 -9.668030e-03 -2.459386e+00 7.341751e-03 9.424386e-03 -9.999287e-01 -1.153968e+00 9.993986e-01 -3.395810e-02 7.017803e-03 8.282898e+01
-3.409414e-02 -9.993641e-01 -1.044010e-02 -2.503450e+00 6.993048e-03 1.020737e-02 -9.999235e-01 -1.164320e+00 9.993942e-01 -3.416454e-02 6.640590e-03 8.387532e+01
-3.501873e-02 -9.993493e-01 -8.641159e-03 -2.537807e+00 7.169454e-03 8.395030e-03 -9.999391e-01 -1.171221e+00 9.993609e-01 -3.507854e-02 6.870806e-03 8.490771e+01
-3.533513e-02 -9.993397e-01 -8.459674e-03 -2.574848e+00 8.666258e-03 8.158239e-03 -9.999292e-01 -1.186296e+00 9.993380e-01 -3.540595e-02 8.372264e-03 8.593287e+01
-3.548235e-02 -9.993386e-01 -7.964388e-03 -2.615818e+00 1.150964e-02 7.560243e-03 -9.999052e-01 -1.198044e+00 9.993040e-01 -3.557066e-02 1.123377e-02 8.692221e+01
-3.651293e-02 -9.993058e-01 -7.399074e-03 -2.661103e+00 1.242027e-02 6.949649e-03 -9.998987e-01 -1.204602e+00 9.992560e-01 -3.660113e-02 1.215790e-02 8.786919e+01
-3.910712e-02 -9.992147e-01 -6.370830e-03 -2.698916e+00 1.311846e-02 5.861751e-03 -9.998968e-01 -1.215382e+00 9.991489e-01 -3.918666e-02 1.287892e-02 8.882541e+01
-4.229100e-02 -9.990901e-01 -5.517143e-03 -2.740623e+00 1.271638e-02 4.983374e-03 -9.999067e-01 -1.222099e+00 9.990244e-01 -4.235721e-02 1.249406e-02 8.976093e+01
-4.518007e-02 -9.989648e-01 -5.290702e-03 -2.783952e+00 1.171281e-02 4.766027e-03 -9.999201e-01 -1.229079e+00 9.989102e-01 -4.523842e-02 1.148535e-02 9.066949e+01
-4.812901e-02 -9.988285e-01 -5.029369e-03 -2.836661e+00 1.217517e-02 4.448179e-03 -9.999160e-01 -1.243415e+00 9.987669e-01 -4.818620e-02 1.194682e-02 9.154984e+01
-5.100961e-02 -9.986820e-01 -5.681301e-03 -2.883774e+00 1.319182e-02 5.014435e-03 -9.999004e-01 -1.254493e+00 9.986110e-01 -5.107948e-02 1.291865e-02 9.241167e+01
-5.420983e-02 -9.985070e-01 -6.716339e-03 -2.931952e+00 1.400965e-02 5.965006e-03 -9.998841e-01 -1.255912e+00 9.984313e-01 -5.429764e-02 1.366537e-02 9.324547e+01
-5.716757e-02 -9.983365e-01 -7.490787e-03 -2.985510e+00 1.504304e-02 6.640847e-03 -9.998648e-01 -1.258687e+00 9.982513e-01 -5.727253e-02 1.463838e-02 9.407066e+01
-5.948381e-02 -9.981864e-01 -9.253048e-03 -3.041701e+00 1.620353e-02 8.302725e-03 -9.998342e-01 -1.269354e+00 9.980978e-01 -5.962389e-02 1.568026e-02 9.485398e+01
-6.225482e-02 -9.980101e-01 -1.001098e-02 -3.098200e+00 1.707122e-02 8.964190e-03 -9.998141e-01 -1.272888e+00 9.979143e-01 -6.241415e-02 1.647918e-02 9.562445e+01
-6.473154e-02 -9.978372e-01 -1.143012e-02 -3.148848e+00 1.589736e-02 1.042153e-02 -9.998193e-01 -1.279803e+00 9.977761e-01 -6.490155e-02 1.518837e-02 9.634602e+01
-6.739194e-02 -9.976420e-01 -1.299447e-02 -3.200429e+00 1.312383e-02 1.213657e-02 -9.998402e-01 -1.291477e+00 9.976403e-01 -6.755171e-02 1.227498e-02 9.705103e+01
-6.950130e-02 -9.974683e-01 -1.505119e-02 -3.262148e+00 9.354274e-03 1.443538e-02 -9.998521e-01 -1.297802e+00 9.975380e-01 -6.963181e-02 8.327314e-03 9.771784e+01
-7.146289e-02 -9.972969e-01 -1.708583e-02 -3.314983e+00 7.510215e-03 1.659115e-02 -9.998342e-01 -1.305012e+00 9.974150e-01 -7.157936e-02 6.304263e-03 9.834971e+01
-7.280192e-02 -9.971632e-01 -1.911612e-02 -3.367163e+00 5.707218e-03 1.875014e-02 -9.998079e-01 -1.315245e+00 9.973301e-01 -7.289703e-02 4.325982e-03 9.895823e+01
-7.252983e-02 -9.971496e-01 -2.078624e-02 -3.417986e+00 5.960084e-03 2.040743e-02 -9.997740e-01 -1.320431e+00 9.973484e-01 -7.263733e-02 4.462949e-03 9.954155e+01
-6.969520e-02 -9.972659e-01 -2.456007e-02 -3.472247e+00 7.196419e-03 2.411667e-02 -9.996833e-01 -1.332211e+00 9.975424e-01 -6.984986e-02 5.495928e-03 1.000944e+02
-6.478737e-02 -9.975302e-01 -2.713346e-02 -3.517240e+00 8.399499e-03 2.664450e-02 -9.996097e-01 -1.340196e+00 9.978638e-01 -6.498999e-02 6.652527e-03 1.006238e+02
-5.727838e-02 -9.979532e-01 -2.843426e-02 -3.547027e+00 1.094394e-02 2.785168e-02 -9.995521e-01 -1.344970e+00 9.982983e-01 -5.756392e-02 9.326238e-03 1.011358e+02
-4.762438e-02 -9.984609e-01 -2.842059e-02 -3.571840e+00 1.311177e-02 2.782553e-02 -9.995268e-01 -1.347207e+00 9.987792e-01 -4.797449e-02 1.176642e-02 1.016153e+02
-3.621222e-02 -9.989616e-01 -2.764973e-02 -3.582399e+00 1.426009e-02 2.714853e-02 -9.995297e-01 -1.352929e+00 9.992424e-01 -3.658948e-02 1.326217e-02 1.020659e+02
-2.262738e-02 -9.993722e-01 -2.726051e-02 -3.592446e+00 1.499084e-02 2.692527e-02 -9.995250e-01 -1.359907e+00 9.996316e-01 -2.302529e-02 1.437218e-02 1.025087e+02
-7.492004e-03 -9.996053e-01 -2.707591e-02 -3.592254e+00 1.440758e-02 2.696596e-02 -9.995325e-01 -1.366516e+00 9.998682e-01 -7.878601e-03 1.419987e-02 1.029360e+02
9.826927e-03 -9.996422e-01 -2.487886e-02 -3.590146e+00 1.218979e-02 2.499797e-02 -9.996132e-01 -1.366045e+00 9.998774e-01 9.519857e-03 1.243108e-02 1.033393e+02
3.076654e-02 -9.992486e-01 -2.357257e-02 -3.566081e+00 8.164464e-03 2.383419e-02 -9.996826e-01 -1.374015e+00 9.994932e-01 3.056432e-02 8.891625e-03 1.037478e+02
5.477547e-02 -9.982280e-01 -2.324996e-02 -3.534515e+00 3.665039e-03 2.348577e-02 -9.997175e-01 -1.379191e+00 9.984919e-01 5.467478e-02 4.944988e-03 1.041437e+02
8.188348e-02 -9.964284e-01 -2.062984e-02 -3.489037e+00 8.291734e-04 2.076745e-02 -9.997840e-01 -1.379491e+00 9.966416e-01 8.184869e-02 2.526723e-03 1.045338e+02
1.116790e-01 -9.935723e-01 -1.849127e-02 -3.426221e+00 -3.811463e-04 1.856485e-02 -9.998276e-01 -1.385214e+00 9.937443e-01 1.116668e-01 1.694607e-03 1.049080e+02
1.435529e-01 -9.895173e-01 -1.575180e-02 -3.367162e+00 -1.904598e-03 1.564039e-02 -9.998758e-01 -1.387814e+00 9.896408e-01 1.435651e-01 3.605907e-04 1.052762e+02
1.792406e-01 -9.837128e-01 -1.348853e-02 -3.288620e+00 -3.174745e-03 1.313214e-02 -9.999087e-01 -1.390123e+00 9.838002e-01 1.792670e-01 -7.692254e-04 1.056262e+02
2.173488e-01 -9.760302e-01 -1.115641e-02 -3.184742e+00 -4.011719e-03 1.053632e-02 -9.999365e-01 -1.405336e+00 9.760857e-01 2.173798e-01 -1.625503e-03 1.059769e+02
2.565378e-01 -9.664962e-01 -8.575126e-03 -3.073304e+00 -4.385213e-03 7.708066e-03 -9.999607e-01 -1.416915e+00 9.665242e-01 2.565653e-01 -2.260882e-03 1.063237e+02
2.979844e-01 -9.545301e-01 -8.816836e-03 -2.948867e+00 -5.519377e-03 7.513400e-03 -9.999565e-01 -1.431191e+00 9.545548e-01 2.980201e-01 -3.029536e-03 1.066551e+02
3.415492e-01 -9.397987e-01 -1.107712e-02 -2.821776e+00 -5.440027e-03 9.808895e-03 -9.999371e-01 -1.442041e+00 9.398482e-01 3.415879e-01 -1.762310e-03 1.069839e+02
3.856571e-01 -9.225820e-01 -1.054150e-02 -2.666709e+00 -4.409506e-03 9.582187e-03 -9.999444e-01 -1.444094e+00 9.226317e-01 3.856821e-01 -3.726919e-04 1.072994e+02
4.296982e-01 -9.029101e-01 -1.062669e-02 -2.506576e+00 -3.744600e-03 9.986642e-03 -9.999431e-01 -1.449404e+00 9.029648e-01 4.297135e-01 9.102058e-04 1.075988e+02
4.739578e-01 -8.805000e-01 -9.158624e-03 -2.310909e+00 -3.673534e-03 8.423780e-03 -9.999578e-01 -1.455651e+00 8.805399e-01 4.739714e-01 7.579699e-04 1.078923e+02
5.169222e-01 -8.559870e-01 -8.811142e-03 -2.125586e+00 -5.478627e-03 6.984652e-03 -9.999606e-01 -1.461399e+00 8.560148e-01 5.169501e-01 -1.079112e-03 1.081723e+02
5.592366e-01 -8.289444e-01 -1.027836e-02 -1.924918e+00 -8.201464e-03 6.865618e-03 -9.999428e-01 -1.473730e+00 8.289675e-01 5.592889e-01 -2.959053e-03 1.084398e+02
6.008297e-01 -7.992755e-01 -1.273887e-02 -1.702012e+00 -1.108367e-02 7.604789e-03 -9.999096e-01 -1.479850e+00 7.993002e-01 6.009166e-01 -4.289723e-03 1.086948e+02
6.423721e-01 -7.661560e-01 -1.905613e-02 -1.471645e+00 -1.558341e-02 1.180196e-02 -9.998089e-01 -1.496077e+00 7.662345e-01 6.425464e-01 -4.358067e-03 1.089528e+02
6.829738e-01 -7.300284e-01 -2.460258e-02 -1.236251e+00 -1.899283e-02 1.592188e-02 -9.996929e-01 -1.503293e+00 7.301959e-01 6.832313e-01 -2.991081e-03 1.091809e+02
7.218725e-01 -6.915665e-01 -2.521508e-02 -9.692916e-01 -2.048019e-02 1.507134e-02 -9.996766e-01 -1.501009e+00 6.917229e-01 7.221555e-01 -3.283825e-03 1.093988e+02
7.581854e-01 -6.516315e-01 -2.305198e-02 -6.749857e-01 -1.952504e-02 1.264847e-02 -9.997293e-01 -1.512437e+00 6.517467e-01 7.584302e-01 -3.133247e-03 1.096177e+02
7.931088e-01 -6.087182e-01 -2.099134e-02 -3.659534e-01 -1.736559e-02 1.185097e-02 -9.997790e-01 -1.526997e+00 6.088324e-01 7.932980e-01 -1.171641e-03 1.098328e+02
8.257707e-01 -5.636939e-01 -1.875708e-02 -6.263888e-02 -1.481369e-02 1.156844e-02 -9.998233e-01 -1.538099e+00 5.638114e-01 8.259028e-01 1.202491e-03 1.100205e+02
8.558061e-01 -5.170308e-01 -1.658346e-02 2.674561e-01 -1.246188e-02 1.144252e-02 -9.998569e-01 -1.544931e+00 5.171465e-01 8.558903e-01 3.349403e-03 1.101882e+02
8.839765e-01 -4.673909e-01 -1.146034e-02 6.101189e-01 -8.132162e-03 9.137624e-03 -9.999252e-01 -1.558600e+00 4.674606e-01 8.840035e-01 4.276546e-03 1.103348e+02
9.091275e-01 -4.163724e-01 -1.101185e-02 9.719911e-01 -6.885883e-03 1.140981e-02 -9.999112e-01 -1.578225e+00 4.164611e-01 9.091225e-01 7.505876e-03 1.104805e+02
9.304276e-01 -3.662405e-01 -1.312813e-02 1.329977e+00 -8.519892e-03 1.419609e-02 -9.998629e-01 -1.584980e+00 3.663767e-01 9.304119e-01 1.008811e-02 1.106185e+02
9.482924e-01 -3.168735e-01 -1.824116e-02 1.726957e+00 -1.357429e-02 1.692934e-02 -9.997646e-01 -1.593192e+00 3.171077e-01 9.483167e-01 1.175263e-02 1.107422e+02
9.624685e-01 -2.705845e-01 -2.093826e-02 2.145872e+00 -1.720452e-02 1.616360e-02 -9.997213e-01 -1.591998e+00 2.708475e-01 9.625605e-01 1.090169e-02 1.108377e+02
9.734095e-01 -2.281051e-01 -2.102542e-02 2.581800e+00 -1.916326e-02 1.037560e-02 -9.997625e-01 -1.595125e+00 2.282691e-01 9.735813e-01 5.728472e-03 1.109254e+02
9.811245e-01 -1.922657e-01 -2.070165e-02 3.039709e+00 -2.047934e-02 3.143715e-03 -9.997854e-01 -1.597745e+00 1.922895e-01 9.813378e-01 -8.530986e-04 1.110097e+02
9.868209e-01 -1.604733e-01 -2.080489e-02 3.482000e+00 -2.125375e-02 -1.080982e-03 -9.997735e-01 -1.617909e+00 1.604145e-01 9.870396e-01 -4.477396e-03 1.110825e+02
9.910859e-01 -1.317862e-01 -1.951917e-02 3.946201e+00 -1.955364e-02 1.032668e-03 -9.998083e-01 -1.656810e+00 1.317811e-01 9.912776e-01 -1.553437e-03 1.111705e+02
9.941751e-01 -1.065151e-01 -1.644363e-02 4.432255e+00 -1.581263e-02 6.765984e-03 -9.998521e-01 -1.671934e+00 1.066106e-01 9.942881e-01 5.042290e-03 1.112387e+02
9.965317e-01 -8.216359e-02 -1.317933e-02 4.937169e+00 -1.219302e-02 1.249454e-02 -9.998476e-01 -1.676788e+00 8.231574e-02 9.965405e-01 1.144939e-02 1.112936e+02
9.981728e-01 -5.949074e-02 -1.058423e-02 5.458069e+00 -1.002035e-02 9.768825e-03 -9.999021e-01 -1.670568e+00 5.958832e-02 9.981810e-01 9.154857e-03 1.113201e+02
9.991893e-01 -3.895779e-02 -1.014851e-02 6.010248e+00 -1.001446e-02 3.634431e-03 -9.999433e-01 -1.677073e+00 3.899246e-02 9.992343e-01 3.241344e-03 1.113187e+02
9.997326e-01 -2.006354e-02 -1.149350e-02 6.555498e+00 -1.157196e-02 -3.798460e-03 -9.999259e-01 -1.692379e+00 2.001840e-02 9.997915e-01 -4.029619e-03 1.113308e+02
9.998475e-01 -5.515753e-03 -1.657110e-02 7.135357e+00 -1.660966e-02 -7.019182e-03 -9.998374e-01 -1.714082e+00 5.398541e-03 9.999601e-01 -7.109726e-03 1.113325e+02
9.997570e-01 5.667613e-03 -2.130453e-02 7.737383e+00 -2.127581e-02 -5.080470e-03 -9.997607e-01 -1.726628e+00 -5.774494e-03 9.999710e-01 -4.958653e-03 1.113375e+02
9.996989e-01 1.186699e-02 -2.147565e-02 8.356297e+00 -2.142872e-02 -4.067645e-03 -9.997621e-01 -1.728594e+00 -1.195153e-02 9.999213e-01 -3.812126e-03 1.113357e+02
9.997198e-01 1.438152e-02 -1.880210e-02 9.015660e+00 -1.868159e-02 -8.468478e-03 -9.997896e-01 -1.740443e+00 -1.453772e-02 9.998607e-01 -8.197435e-03 1.113164e+02
9.997623e-01 1.431085e-02 -1.645001e-02 9.694551e+00 -1.627952e-02 -1.194927e-02 -9.997961e-01 -1.756212e+00 -1.450449e-02 9.998262e-01 -1.171345e-02 1.113111e+02
9.997872e-01 1.295162e-02 -1.605632e-02 1.037488e+01 -1.592145e-02 -1.045031e-02 -9.998186e-01 -1.779533e+00 -1.311707e-02 9.998615e-01 -1.024188e-02 1.113032e+02
9.997887e-01 1.194131e-02 -1.673274e-02 1.104206e+01 -1.663169e-02 -8.512190e-03 -9.998255e-01 -1.807112e+00 -1.208166e-02 9.998925e-01 -8.311787e-03 1.113090e+02
9.997962e-01 1.038561e-02 -1.731309e-02 1.174790e+01 -1.723398e-02 -7.659209e-03 -9.998221e-01 -1.817093e+00 -1.051637e-02 9.999167e-01 -7.478662e-03 1.113109e+02
9.997882e-01 9.212348e-03 -1.840579e-02 1.246800e+01 -1.834816e-02 -6.301486e-03 -9.998118e-01 -1.831001e+00 -9.326598e-03 9.999377e-01 -6.131121e-03 1.113075e+02
9.998016e-01 8.705956e-03 -1.791257e-02 1.320269e+01 -1.786068e-02 -6.002728e-03 -9.998224e-01 -1.852466e+00 -8.811934e-03 9.999441e-01 -5.846044e-03 1.113144e+02
9.998252e-01 8.221649e-03 -1.679425e-02 1.395477e+01 -1.676032e-02 -4.177813e-03 -9.998508e-01 -1.869565e+00 -8.290585e-03 9.999575e-01 -4.039285e-03 1.113116e+02
9.998426e-01 7.800346e-03 -1.593792e-02 1.473088e+01 -1.590597e-02 -4.141192e-03 -9.998649e-01 -1.888310e+00 -7.865295e-03 9.999610e-01 -4.016468e-03 1.113149e+02
9.998824e-01 8.213337e-03 -1.295095e-02 1.550559e+01 -1.291670e-02 -4.208909e-03 -9.999077e-01 -1.913262e+00 -8.267088e-03 9.999574e-01 -4.102325e-03 1.113142e+02
9.998857e-01 9.037525e-03 -1.212472e-02 1.629066e+01 -1.209034e-02 -3.849159e-03 -9.999195e-01 -1.929756e+00 -9.083468e-03 9.999518e-01 -3.739452e-03 1.113178e+02
9.998929e-01 9.892036e-03 -1.078898e-02 1.708721e+01 -1.077285e-02 -1.683376e-03 -9.999406e-01 -1.939982e+00 -9.909610e-03 9.999496e-01 -1.576630e-03 1.113062e+02
9.999052e-01 1.087215e-02 -8.449209e-03 1.791516e+01 -8.434781e-03 -1.372269e-03 -9.999635e-01 -1.955902e+00 -1.088335e-02 9.999400e-01 -1.280435e-03 1.113013e+02
9.999109e-01 1.169677e-02 -6.432546e-03 1.872378e+01 -6.388413e-03 -3.806580e-03 -9.999723e-01 -1.964790e+00 -1.172094e-02 9.999244e-01 -3.731516e-03 1.112867e+02
9.998938e-01 1.349873e-02 -5.481596e-03 1.956347e+01 -5.434393e-03 -3.531032e-03 -9.999790e-01 -1.989965e+00 -1.351780e-02 9.999027e-01 -3.457300e-03 1.112858e+02
9.998468e-01 1.464755e-02 -9.580432e-03 2.038276e+01 -9.523645e-03 -3.941707e-03 -9.999469e-01 -2.004669e+00 -1.468454e-02 9.998850e-01 -3.801605e-03 1.112789e+02
9.997847e-01 1.522385e-02 -1.409870e-02 2.122956e+01 -1.406930e-02 -2.036889e-03 -9.998990e-01 -2.024441e+00 -1.525103e-02 9.998820e-01 -1.822261e-03 1.112734e+02
9.997374e-01 1.682788e-02 -1.555132e-02 2.204431e+01 -1.553072e-02 -1.354095e-03 -9.998785e-01 -2.045810e+00 -1.684690e-02 9.998575e-01 -1.092391e-03 1.112742e+02
9.997396e-01 1.834754e-02 -1.356972e-02 2.289655e+01 -1.359836e-02 1.437362e-03 -9.999065e-01 -2.066582e+00 -1.832632e-02 9.998307e-01 1.686484e-03 1.112734e+02
9.997879e-01 1.798842e-02 -1.003093e-02 2.377375e+01 -1.011637e-02 4.664875e-03 -9.999380e-01 -2.081616e+00 -1.794051e-02 9.998273e-01 4.845863e-03 1.112669e+02
9.998215e-01 1.802782e-02 -5.658357e-03 2.463704e+01 -5.757519e-03 5.453338e-03 -9.999685e-01 -2.098035e+00 -1.799640e-02 9.998226e-01 5.556160e-03 1.112527e+02
9.998398e-01 1.789954e-02 -9.695889e-05 2.546819e+01 -2.377865e-04 7.865706e-03 -9.999691e-01 -2.109008e+00 -1.789823e-02 9.998088e-01 7.868703e-03 1.112492e+02
9.998311e-01 1.834716e-02 1.056305e-03 2.631790e+01 8.533128e-04 1.106829e-02 -9.999384e-01 -2.122424e+00 -1.835772e-02 9.997704e-01 1.105076e-02 1.112385e+02
9.998469e-01 1.708702e-02 -3.755962e-03 2.716218e+01 -3.908937e-03 8.928178e-03 -9.999525e-01 -2.139250e+00 -1.705267e-02 9.998142e-01 8.993603e-03 1.112207e+02
9.997660e-01 1.679385e-02 -1.363751e-02 2.798970e+01 -1.375211e-02 6.727254e-03 -9.998828e-01 -2.162651e+00 -1.670014e-02 9.998363e-01 6.956630e-03 1.112057e+02
9.996891e-01 1.601826e-02 -1.910869e-02 2.881985e+01 -1.918860e-02 4.849858e-03 -9.998041e-01 -2.181339e+00 -1.592245e-02 9.998599e-01 5.155718e-03 1.111928e+02
9.997481e-01 1.580157e-02 -1.594190e-02 2.964753e+01 -1.600003e-02 3.559057e-03 -9.998657e-01 -2.202778e+00 -1.574271e-02 9.998688e-01 3.810986e-03 1.111989e+02
9.998454e-01 1.509645e-02 -9.011544e-03 3.048476e+01 -9.035600e-03 1.526041e-03 -9.999580e-01 -2.216429e+00 -1.508206e-02 9.998849e-01 1.662210e-03 1.111865e+02
9.998770e-01 1.452349e-02 -5.922277e-03 3.131142e+01 -5.926115e-03 2.212313e-04 -9.999824e-01 -2.241468e+00 -1.452192e-02 9.998945e-01 3.072719e-04 1.111759e+02
9.998812e-01 1.446875e-02 -5.311693e-03 3.213487e+01 -5.310214e-03 -1.406380e-04 -9.999859e-01 -2.259703e+00 -1.446929e-02 9.998953e-01 -6.378912e-05 1.111630e+02
9.998702e-01 1.502880e-02 -5.814793e-03 3.295885e+01 -5.833581e-03 1.206596e-03 -9.999822e-01 -2.279088e+00 -1.502151e-02 9.998863e-01 1.294111e-03 1.111541e+02
9.998376e-01 1.699759e-02 -5.987270e-03 3.376815e+01 -6.081009e-03 5.468505e-03 -9.999666e-01 -2.296859e+00 -1.696428e-02 9.998406e-01 5.570980e-03 1.111496e+02
9.998023e-01 1.902929e-02 -5.765118e-03 3.455948e+01 -5.902706e-03 7.182117e-03 -9.999568e-01 -2.311650e+00 -1.898706e-02 9.997931e-01 7.293021e-03 1.111356e+02
9.997481e-01 2.165158e-02 -5.913625e-03 3.535707e+01 -6.070829e-03 7.202108e-03 -9.999557e-01 -2.331614e+00 -2.160803e-02 9.997396e-01 7.331736e-03 1.111239e+02
9.997282e-01 2.266527e-02 -5.461552e-03 3.617422e+01 -5.665530e-03 8.945135e-03 -9.999439e-01 -2.350419e+00 -2.261514e-02 9.997031e-01 9.071115e-03 1.111108e+02
9.996834e-01 2.463824e-02 -5.100342e-03 3.697226e+01 -5.329366e-03 9.238776e-03 -9.999431e-01 -2.367733e+00 -2.458972e-02 9.996538e-01 9.367158e-03 1.110972e+02
9.996302e-01 2.688563e-02 -4.073868e-03 3.777003e+01 -4.305610e-03 8.567265e-03 -9.999540e-01 -2.380171e+00 -2.684949e-02 9.996018e-01 8.679857e-03 1.110786e+02
9.995633e-01 2.928508e-02 -3.937183e-03 3.855477e+01 -4.205536e-03 9.107530e-03 -9.999497e-01 -2.400291e+00 -2.924775e-02 9.995296e-01 9.226712e-03 1.110634e+02
9.995041e-01 3.116592e-02 -4.501448e-03 3.934670e+01 -4.778131e-03 8.808972e-03 -9.999498e-01 -2.418101e+00 -3.112471e-02 9.994754e-01 8.953519e-03 1.110449e+02
9.994735e-01 3.211189e-02 -4.644166e-03 4.011915e+01 -4.927421e-03 8.747361e-03 -9.999496e-01 -2.431850e+00 -3.206965e-02 9.994460e-01 8.900983e-03 1.110157e+02
9.994580e-01 3.273952e-02 -3.447383e-03 4.089504e+01 -3.701650e-03 7.708937e-03 -9.999635e-01 -2.438655e+00 -3.271175e-02 9.994342e-01 7.825949e-03 1.109838e+02
9.994118e-01 3.417445e-02 -2.866552e-03 4.165707e+01 -3.113277e-03 7.168542e-03 -9.999695e-01 -2.462049e+00 -3.415286e-02 9.993902e-01 7.270719e-03 1.109699e+02
9.993441e-01 3.611956e-02 -2.584422e-03 4.242149e+01 -2.905787e-03 8.847576e-03 -9.999566e-01 -2.475424e+00 -3.609513e-02 9.993083e-01 8.946729e-03 1.109479e+02
9.992954e-01 3.750405e-02 -1.455936e-03 4.316148e+01 -1.855737e-03 1.062762e-02 -9.999418e-01 -2.495583e+00 -3.748640e-02 9.992400e-01 1.068973e-02 1.109337e+02
9.992797e-01 3.794508e-02 -4.972448e-04 4.388910e+01 -8.875966e-04 1.027113e-02 -9.999468e-01 -2.513655e+00 -3.793796e-02 9.992270e-01 1.029741e-02 1.109106e+02
9.992449e-01 3.885530e-02 -1.309764e-04 4.460662e+01 -5.226709e-04 1.007086e-02 -9.999492e-01 -2.517823e+00 -3.885200e-02 9.991941e-01 1.008357e-02 1.108867e+02
9.992239e-01 3.933787e-02 -2.037065e-03 4.531362e+01 -2.460085e-03 1.070811e-02 -9.999396e-01 -2.532201e+00 -3.931369e-02 9.991686e-01 1.079658e-02 1.108638e+02
9.992228e-01 3.914521e-02 -4.627099e-03 4.601382e+01 -5.040666e-03 1.047286e-02 -9.999325e-01 -2.551379e+00 -3.909410e-02 9.991786e-01 1.066204e-02 1.108390e+02
9.992092e-01 3.923513e-02 -6.450877e-03 4.671476e+01 -6.935236e-03 1.222150e-02 -9.999012e-01 -2.567569e+00 -3.915242e-02 9.991553e-01 1.248394e-02 1.108219e+02
9.991913e-01 3.959437e-02 -7.008436e-03 4.741593e+01 -7.492318e-03 1.208586e-02 -9.998989e-01 -2.585288e+00 -3.950567e-02 9.991428e-01 1.237274e-02 1.107992e+02
9.991885e-01 3.967274e-02 -6.956804e-03 4.810033e+01 -7.386419e-03 1.069269e-02 -9.999155e-01 -2.598316e+00 -3.959500e-02 9.991555e-01 1.097705e-02 1.107732e+02
9.991835e-01 3.986578e-02 -6.560041e-03 4.878584e+01 -6.953441e-03 9.737494e-03 -9.999284e-01 -2.613058e+00 -3.979905e-02 9.991576e-01 1.000675e-02 1.107553e+02
9.991845e-01 3.978821e-02 -6.870766e-03 4.946115e+01 -7.362436e-03 1.222385e-02 -9.998982e-01 -2.629631e+00 -3.970017e-02 9.991333e-01 1.250682e-02 1.107366e+02
9.991868e-01 3.972337e-02 -6.918666e-03 5.016052e+01 -7.499605e-03 1.449426e-02 -9.998668e-01 -2.651710e+00 -3.961780e-02 9.991056e-01 1.478038e-02 1.107129e+02
9.991971e-01 3.965616e-02 -5.698520e-03 5.083297e+01 -6.292424e-03 1.486769e-02 -9.998696e-01 -2.663036e+00 -3.956627e-02 9.991028e-01 1.510528e-02 1.106877e+02
9.991493e-01 4.094813e-02 -4.900564e-03 5.151205e+01 -5.493391e-03 1.437755e-02 -9.998816e-01 -2.682170e+00 -4.087282e-02 9.990578e-01 1.459027e-02 1.106640e+02
9.990013e-01 4.447480e-02 -4.289965e-03 5.218714e+01 -5.077095e-03 1.760051e-02 -9.998322e-01 -2.696629e+00 -4.439183e-02 9.988555e-01 1.780874e-02 1.106502e+02
9.987615e-01 4.960901e-02 -3.786111e-03 5.284720e+01 -4.810780e-03 2.055180e-02 -9.997772e-01 -2.713938e+00 -4.952014e-02 9.985573e-01 2.076501e-02 1.106301e+02
9.983951e-01 5.627045e-02 -6.384867e-03 5.351729e+01 -7.457557e-03 1.887378e-02 -9.997941e-01 -2.721523e+00 -5.613836e-02 9.982371e-01 1.926313e-02 1.105906e+02
9.980052e-01 6.239264e-02 -9.633028e-03 5.418774e+01 -1.063098e-02 1.568255e-02 -9.998205e-01 -2.731639e+00 -6.223037e-02 9.979284e-01 1.631457e-02 1.105443e+02
9.975398e-01 6.932896e-02 -1.038464e-02 5.486039e+01 -1.153725e-02 1.624559e-02 -9.998015e-01 -2.750978e+00 -6.914650e-02 9.974616e-01 1.700549e-02 1.105021e+02
9.970526e-01 7.603625e-02 -1.023485e-02 5.554449e+01 -1.178418e-02 1.995550e-02 -9.997314e-01 -2.769196e+00 -7.581159e-02 9.969053e-01 2.079271e-02 1.104599e+02
9.967050e-01 8.059861e-02 -9.112977e-03 5.622844e+01 -1.090345e-02 2.180254e-02 -9.997028e-01 -2.780077e+00 -8.037597e-02 9.965082e-01 2.260950e-02 1.104069e+02
9.963521e-01 8.484906e-02 -9.112459e-03 5.690884e+01 -1.100719e-02 2.188959e-02 -9.996998e-01 -2.797059e+00 -8.462412e-02 9.961534e-01 2.274369e-02 1.103556e+02
9.959963e-01 8.893311e-02 -9.069408e-03 5.759568e+01 -1.123683e-02 2.390107e-02 -9.996512e-01 -2.810076e+00 -8.868532e-02 9.957508e-01 2.480470e-02 1.103008e+02
9.957904e-01 9.146205e-02 -6.007207e-03 5.830758e+01 -8.261088e-03 2.428420e-02 -9.996710e-01 -2.821553e+00 -9.128608e-02 9.955124e-01 2.493755e-02 1.102369e+02
9.955301e-01 9.439521e-02 -3.079344e-03 5.902145e+01 -5.395380e-03 2.429014e-02 -9.996904e-01 -2.834949e+00 -9.429119e-02 9.952384e-01 2.469086e-02 1.101697e+02
9.953946e-01 9.586201e-02 -6.540351e-05 5.973965e+01 -2.262041e-03 2.280608e-02 -9.997373e-01 -2.850688e+00 -9.583534e-02 9.951333e-01 2.291789e-02 1.101072e+02
9.952757e-01 9.708802e-02 2.971253e-04 6.044856e+01 -1.823350e-03 2.175130e-02 -9.997618e-01 -2.866486e+00 -9.707135e-02 9.950381e-01 2.182556e-02 1.100450e+02
9.952216e-01 9.760694e-02 -2.627845e-03 6.117248e+01 -4.753504e-03 2.155159e-02 -9.997565e-01 -2.871775e+00 -9.752654e-02 9.949917e-01 2.191259e-02 1.099772e+02
9.951636e-01 9.797388e-02 -7.102231e-03 6.189750e+01 -8.721698e-03 1.611121e-02 -9.998322e-01 -2.878618e+00 -9.784301e-02 9.950585e-01 1.688779e-02 1.099023e+02
9.951218e-01 9.793191e-02 -1.190851e-02 6.264795e+01 -1.284374e-02 8.924985e-03 -9.998777e-01 -2.890420e+00 -9.781364e-02 9.951531e-01 1.013926e-02 1.098160e+02
9.950314e-01 9.870683e-02 -1.302068e-02 6.338586e+01 -1.369124e-02 6.119162e-03 -9.998875e-01 -2.910245e+00 -9.861605e-02 9.950978e-01 7.440178e-03 1.097445e+02
9.949957e-01 9.926296e-02 -1.142009e-02 6.415714e+01 -1.212243e-02 6.475259e-03 -9.999055e-01 -2.930956e+00 -9.917964e-02 9.950402e-01 7.646163e-03 1.096795e+02
9.951029e-01 9.863435e-02 -6.445174e-03 6.491378e+01 -7.216022e-03 7.460463e-03 -9.999461e-01 -2.948879e+00 -9.858096e-02 9.950958e-01 8.135675e-03 1.096092e+02
9.950907e-01 9.886359e-02 -4.515881e-03 6.566841e+01 -5.235043e-03 7.016077e-03 -9.999617e-01 -2.962492e+00 -9.882812e-02 9.950762e-01 7.499188e-03 1.095350e+02
9.950052e-01 9.976105e-02 -3.496930e-03 6.639437e+01 -4.064527e-03 5.486879e-03 -9.999767e-01 -2.980178e+00 -9.973954e-02 9.949963e-01 5.864955e-03 1.094700e+02
9.948763e-01 1.009883e-01 -4.733683e-03 6.715057e+01 -5.356619e-03 5.898120e-03 -9.999682e-01 -2.986757e+00 -1.009572e-01 9.948701e-01 6.408857e-03 1.093994e+02
9.945996e-01 1.036781e-01 -4.746395e-03 6.788478e+01 -5.453699e-03 6.539707e-03 -9.999638e-01 -3.001013e+00 -1.036433e-01 9.945894e-01 7.069819e-03 1.093282e+02
9.943295e-01 1.062115e-01 -5.284156e-03 6.863615e+01 -6.013798e-03 6.550608e-03 -9.999605e-01 -3.018767e+00 -1.061727e-01 9.943220e-01 7.152198e-03 1.092515e+02
9.941697e-01 1.076942e-01 -5.342052e-03 6.937971e+01 -5.955057e-03 5.371293e-03 -9.999678e-01 -3.030589e+00 -1.076620e-01 9.941695e-01 5.981302e-03 1.091714e+02
9.939530e-01 1.096881e-01 -5.099823e-03 7.012861e+01 -5.940567e-03 7.339433e-03 -9.999554e-01 -3.042660e+00 -1.096457e-01 9.939390e-01 7.946660e-03 1.090973e+02
9.937813e-01 1.112280e-01 -5.202064e-03 7.088050e+01 -6.306574e-03 9.580622e-03 -9.999342e-01 -3.057221e+00 -1.111709e-01 9.937487e-01 1.022251e-02 1.090182e+02
9.936469e-01 1.123471e-01 -6.634655e-03 7.164507e+01 -7.632105e-03 8.450524e-03 -9.999352e-01 -3.081406e+00 -1.122838e-01 9.936331e-01 9.254282e-03 1.089361e+02
9.935106e-01 1.135242e-01 -6.990558e-03 7.240005e+01 -8.135114e-03 9.621904e-03 -9.999206e-01 -3.089813e+00 -1.134480e-01 9.934886e-01 1.048300e-02 1.088561e+02
9.934149e-01 1.143428e-01 -7.244770e-03 7.318324e+01 -8.344046e-03 9.138176e-03 -9.999234e-01 -3.114888e+00 -1.142679e-01 9.933993e-01 1.003208e-02 1.087807e+02
9.932718e-01 1.156374e-01 -6.247680e-03 7.396756e+01 -7.479311e-03 1.021997e-02 -9.999198e-01 -3.127315e+00 -1.155642e-01 9.932389e-01 1.101610e-02 1.086866e+02
9.931522e-01 1.167580e-01 -4.042623e-03 7.473930e+01 -5.519150e-03 1.232552e-02 -9.999088e-01 -3.140452e+00 -1.166975e-01 9.930839e-01 1.288552e-02 1.086039e+02
