0.000000e+00 -1.000000e+00 0.000000e+00 0.000000e+00 0.000000e+00 0.000000e+00 -1.000000e+00 0.000000e+00 1.000000e+00 0.000000e+00 0.000000e+00 0.000000e+00
-6.738046e-03 -9.999769e-01 -9.399244e-04 -3.969367e-03 5.860900e-06 9.399062e-04 -9.999996e-01 -3.140391e-03 9.999773e-01 -6.738049e-03 -4.723667e-07 9.297612e-02
-1.426869e-02 -9.998978e-01 -8.579250e-04 -8.371652e-03 -5.109439e-04 8.653035e-04 -9.999995e-01 -2.539953e-03 9.998981e-01 -1.426824e-02 -5.232384e-04 1.805853e-01
-2.272312e-02 -9.997413e-01 -1.008572e-03 -1.626591e-02 -1.738445e-03 1.048344e-03 -9.999979e-01 -3.208373e-03 9.997403e-01 -2.272132e-02 -1.761817e-03 2.915086e-01
-3.421183e-02 -9.994141e-01 -9.715734e-04 -2.583028e-02 -2.791897e-03 1.067710e-03 -9.999955e-01 -8.641476e-03 9.994107e-01 -3.420896e-02 -2.826789e-03 4.103868e-01
-4.842165e-02 -9.988269e-01 -5.416328e-04 -4.350284e-02 -4.092650e-03 7.406699e-04 -9.999914e-01 -5.117301e-03 9.988186e-01 -4.841901e-02 -4.123713e-03 5.457385e-01
-6.483995e-02 -9.978957e-01 1.905246e-04 -6.508216e-02 -4.709145e-03 1.150604e-04 -9.999889e-01 -2.112520e-03 9.978846e-01 -6.484013e-02 -4.706696e-03 6.943035e-01
-8.388557e-02 -9.964744e-01 1.381188e-03 -8.801199e-02 -4.828972e-03 -9.795432e-04 -9.999878e-01 5.274674e-04 9.964637e-01 -8.389123e-02 -4.729778e-03 8.426819e-01
-1.037808e-01 -9.945983e-01 1.952752e-03 -1.118869e-01 -5.219024e-03 -1.418753e-03 -9.999854e-01 -1.900174e-03 9.945865e-01 -1.037895e-01 -5.043592e-03 1.017385e+00
-1.261827e-01 -9.920055e-01 1.722294e-03 -1.502346e-01 -5.817545e-03 -9.961543e-04 -9.999826e-01 -8.536466e-03 9.919900e-01 -1.261905e-01 -5.645339e-03 1.193176e+00
-1.503225e-01 -9.886365e-01 -1.029989e-03 -2.028049e-01 -6.550765e-03 2.037850e-03 -9.999765e-01 -2.153273e-02 9.886153e-01 -1.503122e-01 -6.782660e-03 1.368945e+00
-1.757822e-01 -9.844233e-01 -3.380527e-03 -2.615454e-01 -8.459106e-03 4.944341e-03 -9.999520e-01 -3.221655e-02 9.843928e-01 -1.757451e-01 -9.196469e-03 1.557627e+00
-2.030309e-01 -9.791497e-01 -6.656925e-03 -3.256614e-01 -9.531799e-03 8.774568e-03 -9.999161e-01 -3.821560e-02 9.791259e-01 -2.029504e-01 -1.111457e-02 1.753802e+00
-2.328420e-01 -9.724813e-01 -8.046548e-03 -4.072401e-01 -9.669340e-03 1.058853e-02 -9.998972e-01 -4.119237e-02 9.724665e-01 -2.327402e-01 -1.186871e-02 1.950071e+00
-2.633336e-01 -9.646628e-01 -9.006205e-03 -4.885613e-01 -1.023906e-02 1.213000e-02 -9.998740e-01 -4.188376e-02 9.646505e-01 -2.632082e-01 -1.307148e-02 2.155053e+00
-2.954737e-01 -9.552960e-01 -1.024177e-02 -5.843210e-01 -9.795463e-03 1.374926e-02 -9.998575e-01 -4.421710e-02 9.553006e-01 -2.953313e-01 -1.342011e-02 2.361738e+00
-3.292478e-01 -9.441710e-01 -1.170528e-02 -6.951613e-01 -9.032463e-03 1.554518e-02 -9.998384e-01 -4.744982e-02 9.442003e-01 -3.290889e-01 -1.364641e-02 2.567961e+00
-3.628083e-01 -9.317584e-01 -1.401699e-02 -8.076358e-01 -8.848665e-03 1.848592e-02 -9.997900e-01 -5.575318e-02 9.318218e-01 -3.626080e-01 -1.495166e-02 2.773185e+00
-3.958534e-01 -9.181770e-01 -1.584573e-02 -9.275916e-01 -9.046089e-03 2.115328e-02 -9.997353e-01 -5.613426e-02 9.182692e-01 -3.956052e-01 -1.667951e-02 2.980274e+00
-4.304289e-01 -9.024708e-01 -1.665658e-02 -1.057681e+00 -8.424081e-03 2.246914e-02 -9.997120e-01 -5.224229e-02 9.025852e-01 -4.301646e-01 -1.727386e-02 3.181011e+00
-4.671384e-01 -8.840957e-01 -1.251204e-02 -1.191999e+00 -9.759091e-03 1.930555e-02 -9.997660e-01 -4.508019e-02 8.841304e-01 -4.669070e-01 -1.764634e-02 3.382858e+00
-5.048080e-01 -8.631912e-01 -8.349906e-03 -1.345152e+00 -1.094314e-02 1.607119e-02 -9.998110e-01 -4.723032e-02 8.631623e-01 -5.046212e-01 -1.755889e-02 3.602042e+00
-5.447332e-01 -8.385645e-01 -8.675893e-03 -1.515813e+00 -8.991608e-03 1.618532e-02 -9.998286e-01 -5.639556e-02 8.385612e-01 -5.445619e-01 -1.635672e-02 3.800919e+00
-5.865515e-01 -8.097942e-01 -1.381011e-02 -1.715918e+00 -5.274695e-03 2.087047e-02 -9.997683e-01 -7.229859e-02 8.098948e-01 -5.863427e-01 -1.651302e-02 3.995571e+00
-6.288031e-01 -7.773844e-01 -1.673874e-02 -1.923025e+00 -3.452710e-03 2.431842e-02 -9.996983e-01 -7.832054e-02 7.775569e-01 -6.285556e-01 -1.797558e-02 4.182680e+00
-6.707728e-01 -7.415011e-01 -1.549182e-02 -2.138041e+00 -3.636663e-03 2.417604e-02 -9.997011e-01 -7.509800e-02 7.416540e-01 -6.705160e-01 -1.891322e-02 4.366925e+00
-7.119372e-01 -7.021595e-01 -1.083892e-02 -2.364884e+00 -4.144175e-03 1.963532e-02 -9.997986e-01 -6.913697e-02 7.022309e-01 -7.117489e-01 -1.688899e-02 4.559409e+00
-7.515046e-01 -6.596761e-01 -8.265906e-03 -2.607525e+00 -3.411673e-03 1.641507e-02 -9.998595e-01 -6.614003e-02 6.597190e-01 -7.513707e-01 -1.458660e-02 4.733270e+00
-7.884829e-01 -6.150221e-01 -6.519499e-03 -2.865989e+00 -2.657333e-03 1.400616e-02 -9.998984e-01 -7.243288e-02 6.150510e-01 -7.883855e-01 -1.267793e-02 4.898892e+00
-8.240951e-01 -5.664073e-01 -7.069275e-03 -3.140763e+00 -8.515812e-05 1.260381e-02 -9.999205e-01 -7.668909e-02 5.664514e-01 -8.240290e-01 -1.043497e-02 5.053186e+00
-8.569859e-01 -5.152913e-01 -7.084471e-03 -3.442023e+00 1.351168e-03 1.150042e-02 -9.999329e-01 -7.911613e-02 5.153382e-01 -8.569379e-01 -9.159449e-03 5.192079e+00
-8.867285e-01 -4.622288e-01 -7.560167e-03 -3.751810e+00 2.839335e-03 1.090795e-02 -9.999365e-01 -8.469300e-02 4.622819e-01 -8.866936e-01 -8.359965e-03 5.323221e+00
-9.130415e-01 -4.077670e-01 -9.022477e-03 -4.080451e+00 4.957933e-03 1.102350e-02 -9.999269e-01 -8.592113e-02 4.078366e-01 -9.130195e-01 -8.043232e-03 5.440866e+00
-9.361132e-01 -3.515477e-01 -1.031595e-02 -4.441796e+00 7.103195e-03 1.042743e-02 -9.999204e-01 -8.714316e-02 3.516272e-01 -9.361119e-01 -7.264143e-03 5.527699e+00
-9.551024e-01 -2.960037e-01 -1.270042e-02 -4.800207e+00 1.028942e-02 9.701564e-03 -9.999000e-01 -8.585581e-02 2.960973e-01 -9.551376e-01 -6.220281e-03 5.621528e+00
-9.702381e-01 -2.417330e-01 -1.425060e-02 -5.180127e+00 1.301216e-02 6.718868e-03 -9.998928e-01 -8.744252e-02 2.418028e-01 -9.703196e-01 -3.373434e-03 5.694353e+00
-9.816397e-01 -1.901990e-01 -1.442021e-02 -5.554060e+00 1.390292e-02 4.053837e-03 -9.998952e-01 -8.939025e-02 1.902375e-01 -9.817372e-01 -1.335086e-03 5.728918e+00
-9.896721e-01 -1.425419e-01 -1.519809e-02 -5.955079e+00 1.459963e-02 5.243475e-03 -9.998797e-01 -9.915978e-02 1.426044e-01 -9.897749e-01 -3.108263e-03 5.745964e+00
-9.948826e-01 -9.989401e-02 -1.515470e-02 -6.362966e+00 1.455569e-02 6.722644e-03 -9.998714e-01 -8.863506e-02 9.998305e-02 -9.949754e-01 -5.234215e-03 5.756257e+00
-9.979948e-01 -6.176411e-02 -1.383905e-02 -6.786473e+00 1.332877e-02 8.666184e-03 -9.998736e-01 -7.327734e-02 6.187623e-02 -9.980531e-01 -7.825566e-03 5.752299e+00
-9.995521e-01 -2.796622e-02 -1.065268e-02 -7.229171e+00 1.041779e-02 8.531161e-03 -9.999093e-01 -7.233922e-02 2.805456e-02 -9.995725e-01 -8.235993e-03 5.736718e+00
-9.999577e-01 3.685977e-03 -8.429416e-03 -7.697420e+00 8.458426e-03 7.926758e-03 -9.999328e-01 -6.394662e-02 -3.618912e-03 -9.999618e-01 -7.957601e-03 5.712101e+00
-9.995223e-01 3.025796e-02 -6.287966e-03 -8.172887e+00 6.565648e-03 9.086562e-03 -9.999372e-01 -6.851543e-02 -3.019892e-02 -9.995008e-01 -9.280886e-03 5.677638e+00
-9.986899e-01 5.095167e-02 -4.723653e-03 -8.664956e+00 5.203850e-03 9.296021e-03 -9.999433e-01 -6.312830e-02 -5.090487e-02 -9.986579e-01 -9.548988e-03 5.633930e+00
-9.977446e-01 6.703178e-02 -3.522993e-03 -9.183329e+00 4.256480e-03 1.080271e-02 -9.999326e-01 -5.451752e-02 -6.698920e-02 -9.976923e-01 -1.106366e-02 5.578208e+00
-9.968243e-01 7.954784e-02 -3.659087e-03 -9.740813e+00 4.499138e-03 1.038365e-02 -9.999360e-01 -5.055477e-02 -7.950474e-02 -9.967769e-01 -1.070858e-02 5.517272e+00
-9.960397e-01 8.879729e-02 -4.461926e-03 -1.031408e+01 5.514055e-03 1.160689e-02 -9.999174e-01 -6.007969e-02 -8.873817e-02 -9.959821e-01 -1.205055e-02 5.455398e+00
-9.954396e-01 9.522565e-02 -5.668437e-03 -1.088915e+01 6.972773e-03 1.337016e-02 -9.998863e-01 -6.008558e-02 -9.513903e-02 -9.953659e-01 -1.397318e-02 5.374696e+00
-9.950221e-01 9.946714e-02 -6.118817e-03 -1.148326e+01 7.518509e-03 1.370315e-02 -9.998779e-01 -5.981367e-02 -9.937114e-02 -9.949465e-01 -1.438278e-02 5.304881e+00
-9.949604e-01 1.000142e-01 -7.138728e-03 -1.210039e+01 8.201887e-03 1.022292e-02 -9.999141e-01 -5.711220e-02 -9.993268e-02 -9.949335e-01 -1.099170e-02 5.240610e+00
-9.950888e-01 9.860805e-02 -8.641764e-03 -1.272716e+01 9.588853e-03 9.134687e-03 -9.999123e-01 -5.743264e-02 -9.852047e-02 -9.950844e-01 -1.003536e-02 5.159518e+00
-9.951953e-01 9.732907e-02 -1.065116e-02 -1.337339e+01 1.160902e-02 9.280423e-03 -9.998896e-01 -6.012804e-02 -9.721947e-02 -9.952090e-01 -1.036573e-02 5.089286e+00
-9.954299e-01 9.484747e-02 -1.110122e-02 -1.402288e+01 1.211403e-02 1.010916e-02 -9.998755e-01 -5.947000e-02 -9.472344e-02 -9.954405e-01 -1.121194e-02 5.019178e+00
-9.956090e-01 9.314205e-02 -9.342912e-03 -1.470126e+01 1.013064e-02 7.988037e-03 -9.999168e-01 -7.349816e-02 -9.305967e-02 -9.956208e-01 -8.896550e-03 4.949330e+00
-9.956903e-01 9.228345e-02 -9.201960e-03 -1.538964e+01 1.016306e-02 9.950123e-03 -9.998989e-01 -6.601232e-02 -9.218255e-02 -9.956831e-01 -1.084512e-02 4.899360e+00
-9.957927e-01 9.086803e-02 -1.182283e-02 -1.609064e+01 1.289042e-02 1.117085e-02 -9.998545e-01 -5.900606e-02 -9.072273e-02 -9.958003e-01 -1.229517e-02 4.820923e+00
-9.959217e-01 8.892854e-02 -1.522343e-02 -1.681436e+01 1.642376e-02 1.278161e-02 -9.997834e-01 -5.103933e-02 -8.871470e-02 -9.959560e-01 -1.419002e-02 4.744246e+00
-9.960244e-01 8.747530e-02 -1.683895e-02 -1.754624e+01 1.811306e-02 1.379203e-02 -9.997408e-01 -4.361409e-02 -8.722038e-02 -9.960712e-01 -1.532165e-02 4.676798e+00
-9.961647e-01 8.593909e-02 -1.643957e-02 -1.828867e+01 1.779469e-02 1.502610e-02 -9.997287e-01 -3.931797e-02 -8.566877e-02 -9.961871e-01 -1.649773e-02 4.604537e+00
-9.963694e-01 8.382862e-02 -1.485912e-02 -1.903584e+01 1.613618e-02 1.457714e-02 -9.997635e-01 -3.670811e-02 -8.359219e-02 -9.963735e-01 -1.587689e-02 4.535220e+00
-9.965075e-01 8.235937e-02 -1.377563e-02 -1.980603e+01 1.507805e-02 1.521286e-02 -9.997706e-01 -3.019714e-02 -8.213091e-02 -9.964866e-01 -1.640155e-02 4.469237e+00
-9.966139e-01 8.076744e-02 -1.540652e-02 -2.060142e+01 1.661628e-02 1.432758e-02 -9.997593e-01 -2.322046e-02 -8.052726e-02 -9.966300e-01 -1.562112e-02 4.403761e+00
-9.966891e-01 7.932093e-02 -1.785811e-02 -2.139761e+01 1.913103e-02 1.531677e-02 -9.996997e-01 -1.300142e-02 -7.902358e-02 -9.967315e-01 -1.678355e-02 4.336946e+00
-9.967360e-01 7.833257e-02 -1.952651e-02 -2.220826e+01 2.074598e-02 1.478429e-02 -9.996755e-01 -1.774860e-04 -7.801846e-02 -9.968176e-01 -1.636112e-02 4.275509e+00
-9.968603e-01 7.768711e-02 -1.530873e-02 -2.300128e+01 1.639021e-02 1.330248e-02 -9.997772e-01 8.843637e-03 -7.746615e-02 -9.968891e-01 -1.453402e-02 4.208633e+00
-9.969667e-01 7.741539e-02 -8.013836e-03 -2.381218e+01 8.702719e-03 8.565255e-03 -9.999254e-01 1.393532e-02 -7.734098e-02 -9.969621e-01 -9.212999e-03 4.139782e+00
-9.970065e-01 7.723229e-02 -3.636165e-03 -2.464006e+01 4.236382e-03 7.609152e-03 -9.999621e-01 1.563113e-02 -7.720169e-02 -9.969841e-01 -7.913560e-03 4.076682e+00
-9.969436e-01 7.799481e-02 -4.504298e-03 -2.547681e+01 5.366564e-03 1.084936e-02 -9.999267e-01 1.833498e-02 -7.794023e-02 -9.968947e-01 -1.123477e-02 4.017092e+00
-9.968947e-01 7.792383e-02 -1.135218e-02 -2.634755e+01 1.232274e-02 1.198571e-02 -9.998522e-01 1.542992e-02 -7.777625e-02 -9.968873e-01 -1.290873e-02 3.949180e+00
-9.967483e-01 7.855617e-02 -1.793433e-02 -2.719599e+01 1.903610e-02 1.329890e-02 -9.997303e-01 2.696436e-02 -7.829648e-02 -9.968210e-01 -1.475106e-02 3.878261e+00
-9.965801e-01 7.930918e-02 -2.320022e-02 -2.805434e+01 2.444538e-02 1.476529e-02 -9.995921e-01 3.327537e-02 -7.893427e-02 -9.967407e-01 -1.665354e-02 3.796831e+00
-9.965242e-01 7.971473e-02 -2.419008e-02 -2.889125e+01 2.554026e-02 1.596172e-02 -9.995463e-01 4.270618e-02 -7.929245e-02 -9.966899e-01 -1.794217e-02 3.726393e+00
-9.964446e-01 8.148569e-02 -2.140458e-02 -2.972365e+01 2.294316e-02 1.799225e-02 -9.995748e-01 5.217561e-02 -8.106593e-02 -9.965121e-01 -1.979782e-02 3.648614e+00
-9.965225e-01 8.100750e-02 -1.950991e-02 -3.056639e+01 2.088952e-02 1.621812e-02 -9.996502e-01 5.894046e-02 -8.066276e-02 -9.965816e-01 -1.785393e-02 3.574063e+00
-9.964159e-01 8.223860e-02 -1.980293e-02 -3.139523e+01 2.134532e-02 1.791832e-02 -9.996116e-01 6.273218e-02 -8.185183e-02 -9.964516e-01 -1.960951e-02 3.499052e+00
-9.964107e-01 8.191529e-02 -2.134497e-02 -3.223164e+01 2.298572e-02 1.913921e-02 -9.995525e-01 7.455278e-02 -8.147011e-02 -9.964555e-01 -2.095340e-02 3.428578e+00
-9.964201e-01 8.205984e-02 -2.032392e-02 -3.306460e+01 2.193534e-02 1.878355e-02 -9.995829e-01 8.567628e-02 -8.164386e-02 -9.964504e-01 -2.051631e-02 3.353621e+00
-9.965892e-01 8.117152e-02 -1.487177e-02 -3.388818e+01 1.664178e-02 2.117287e-02 -9.996373e-01 8.870716e-02 -8.082720e-02 -9.964752e-01 -2.245150e-02 3.279810e+00
-9.966218e-01 8.125668e-02 -1.192945e-02 -3.473106e+01 1.357053e-02 1.967409e-02 -9.997143e-01 8.945218e-02 -8.099876e-02 -9.964990e-01 -2.071032e-02 3.203128e+00
-9.967068e-01 8.014878e-02 -1.231246e-02 -3.556719e+01 1.403469e-02 2.096016e-02 -9.996818e-01 8.625668e-02 -7.986520e-02 -9.965625e-01 -2.201599e-02 3.128793e+00
-9.966668e-01 8.020741e-02 -1.490227e-02 -3.640935e+01 1.661414e-02 2.071805e-02 -9.996473e-01 8.520757e-02 -7.987038e-02 -9.965628e-01 -2.198157e-02 3.061515e+00
-9.966143e-01 7.987403e-02 -1.949770e-02 -3.724024e+01 2.142239e-02 2.331093e-02 -9.994987e-01 8.783081e-02 -7.937948e-02 -9.965324e-01 -2.494310e-02 2.988183e+00
-9.965550e-01 7.914945e-02 -2.476657e-02 -3.808723e+01 2.664189e-02 2.272572e-02 -9.993867e-01 9.849480e-02 -7.853808e-02 -9.966037e-01 -2.475612e-02 2.923366e+00
-9.964544e-01 7.940649e-02 -2.780941e-02 -3.892380e+01 2.956403e-02 2.100703e-02 -9.993421e-01 1.147480e-01 -7.877006e-02 -9.966210e-01 -2.328012e-02 2.856157e+00
-9.964668e-01 7.890959e-02 -2.875976e-02 -3.976748e+01 3.025840e-02 1.786222e-02 -9.993825e-01 1.131456e-01 -7.834715e-02 -9.967217e-01 -2.018679e-02 2.788381e+00
-9.965719e-01 7.901902e-02 -2.450425e-02 -4.057489e+01 2.586470e-02 1.623933e-02 -9.995335e-01 1.197696e-01 -7.858422e-02 -9.967408e-01 -1.822746e-02 2.721916e+00
-9.967204e-01 7.812166e-02 -2.110672e-02 -4.140711e+01 2.247485e-02 1.667510e-02 -9.996083e-01 1.265806e-01 -7.773911e-02 -9.968044e-01 -1.837619e-02 2.651227e+00
-9.968017e-01 7.782671e-02 -1.814738e-02 -4.224541e+01 1.979032e-02 2.039104e-02 -9.995962e-01 1.348388e-01 -7.742523e-02 -9.967583e-01 -2.186604e-02 2.571263e+00
-9.968426e-01 7.778602e-02 -1.594253e-02 -4.306287e+01 1.771241e-02 2.211648e-02 -9.995985e-01 1.417419e-01 -7.740220e-02 -9.967247e-01 -2.342443e-02 2.499843e+00
-9.968764e-01 7.765256e-02 -1.440479e-02 -4.388537e+01 1.605299e-02 2.064297e-02 -9.996580e-01 1.465554e-01 -7.732864e-02 -9.967667e-01 -2.182504e-02 2.439040e+00
-9.967267e-01 8.009056e-02 -1.102095e-02 -4.469271e+01 1.236044e-02 1.624826e-02 -9.997916e-01 1.516342e-01 -7.989480e-02 -9.966552e-01 -1.718503e-02 2.380385e+00
-9.966962e-01 8.069952e-02 -9.182435e-03 -4.551029e+01 1.022096e-02 1.246541e-02 -9.998701e-01 1.522325e-01 -8.057457e-02 -9.966605e-01 -1.324906e-02 2.316230e+00
-9.965956e-01 8.151448e-02 -1.235304e-02 -4.634036e+01 1.347640e-02 1.324528e-02 -9.998215e-01 1.498000e-01 -8.133630e-02 -9.965841e-01 -1.429871e-02 2.244867e+00
-9.963362e-01 8.351043e-02 -1.844270e-02 -4.715062e+01 1.967010e-02 1.389869e-02 -9.997099e-01 1.673784e-01 -8.322988e-02 -9.964100e-01 -1.549042e-02 2.183522e+00
-9.960999e-01 8.564980e-02 -2.119197e-02 -4.797506e+01 2.252026e-02 1.457192e-02 -9.996402e-01 1.715461e-01 -8.531018e-02 -9.962187e-01 -1.644395e-02 2.113147e+00
-9.959662e-01 8.723617e-02 -2.100511e-02 -4.881619e+01 2.227493e-02 1.360818e-02 -9.996592e-01 1.804610e-01 -8.692060e-02 -9.960947e-01 -1.549646e-02 2.040728e+00
-9.959291e-01 8.837595e-02 -1.774591e-02 -4.961517e+01 1.918323e-02 1.544098e-02 -9.996967e-01 1.807352e-01 -8.807513e-02 -9.959675e-01 -1.707345e-02 1.960472e+00
-9.959265e-01 8.902466e-02 -1.432026e-02 -5.041218e+01 1.601646e-02 1.836809e-02 -9.997030e-01 1.751575e-01 -8.873519e-02 -9.958600e-01 -1.971912e-02 1.876985e+00
-9.958130e-01 9.058889e-02 -1.225785e-02 -5.121014e+01 1.442420e-02 2.329819e-02 -9.996245e-01 1.837457e-01 -9.026929e-02 -9.956158e-01 -2.450731e-02 1.791411e+00
-9.957485e-01 9.110469e-02 -1.359546e-02 -5.201603e+01 1.589137e-02 2.452292e-02 -9.995729e-01 1.885226e-01 -9.073239e-02 -9.955393e-01 -2.586644e-02 1.713596e+00
-9.955712e-01 9.284892e-02 -1.473365e-02 -5.279982e+01 1.714396e-02 2.521556e-02 -9.995350e-01 1.907249e-01 -9.243423e-02 -9.953609e-01 -2.669569e-02 1.637408e+00
-9.954808e-01 9.384490e-02 -1.453289e-02 -5.359062e+01 1.710204e-02 2.663052e-02 -9.994990e-01 1.919858e-01 -9.341086e-02 -9.952306e-01 -2.811511e-02 1.552871e+00
-9.954637e-01 9.409579e-02 -1.406968e-02 -5.438063e+01 1.689217e-02 2.926694e-02 -9.994289e-01 1.987618e-01 -9.363027e-02 -9.951329e-01 -3.072366e-02 1.475218e+00
-9.953976e-01 9.457816e-02 -1.544306e-02 -5.515349e+01 1.807867e-02 2.707382e-02 -9.994699e-01 1.945800e-01 -9.410993e-02 -9.951492e-01 -2.865906e-02 1.402163e+00
-9.952669e-01 9.536248e-02 -1.870089e-02 -5.592762e+01 2.126067e-02 2.589750e-02 -9.994385e-01 1.945957e-01 -9.482463e-02 -9.951057e-01 -2.780239e-02 1.313373e+00
-9.951773e-01 9.541098e-02 -2.277854e-02 -5.670023e+01 2.534626e-02 2.578714e-02 -9.993461e-01 2.022054e-01 -9.476119e-02 -9.951039e-01 -2.808109e-02 1.235774e+00
-9.950733e-01 9.594728e-02 -2.496620e-02 -5.747613e+01 2.751427e-02 2.532620e-02 -9.993005e-01 2.060058e-01 -9.524787e-02 -9.950642e-01 -2.784135e-02 1.157329e+00
-9.950690e-01 9.589373e-02 -2.534008e-02 -5.824512e+01 2.776904e-02 2.408032e-02 -9.993243e-01 2.106642e-01 -9.521873e-02 -9.951003e-01 -2.662445e-02 1.088292e+00
-9.950274e-01 9.665817e-02 -2.403329e-02 -5.896967e+01 2.628074e-02 2.204588e-02 -9.994115e-01 2.139362e-01 -9.607145e-02 -9.950734e-01 -2.447650e-02 1.011706e+00
-9.950974e-01 9.675535e-02 -2.048453e-02 -5.971099e+01 2.256403e-02 2.044724e-02 -9.995363e-01 2.140156e-01 -9.629162e-02 -9.950981e-01 -2.253019e-02 9.368895e-01
-9.951286e-01 9.684163e-02 -1.846190e-02 -6.043748e+01 2.063689e-02 2.150588e-02 -9.995557e-01 2.166652e-01 -9.640156e-02 -9.950674e-01 -2.339962e-02 8.607574e-01
-9.953213e-01 9.527831e-02 -1.604813e-02 -6.114469e+01 1.819838e-02 2.174212e-02 -9.995980e-01 2.174451e-01 -9.489109e-02 -9.952132e-01 -2.337431e-02 7.841309e-01
-9.955305e-01 9.318385e-02 -1.535820e-02 -6.185299e+01 1.743823e-02 2.154873e-02 -9.996157e-01 2.118517e-01 -9.281708e-02 -9.954157e-01 -2.307738e-02 7.094187e-01
-9.959496e-01 8.848570e-02 -1.596067e-02 -6.251453e+01 1.801016e-02 2.241199e-02 -9.995866e-01 2.153317e-01 -8.809141e-02 -9.958253e-01 -2.391485e-02 6.462079e-01
-9.963391e-01 8.372904e-02 -1.726063e-02 -6.317239e+01 1.909412e-02 2.114671e-02 -9.995940e-01 2.131273e-01 -8.333004e-02 -9.962642e-01 -2.266803e-02 5.880093e-01
-9.969241e-01 7.601509e-02 -1.908049e-02 -6.381285e+01 2.078280e-02 2.166650e-02 -9.995492e-01 2.069151e-01 -7.556742e-02 -9.968712e-01 -2.317966e-02 5.374628e-01
-9.975241e-01 6.739819e-02 -2.007919e-02 -6.443759e+01 2.159712e-02 2.186917e-02 -9.995275e-01 2.091968e-01 -6.692723e-02 -9.974865e-01 -2.327063e-02 4.945069e-01
-9.981899e-01 5.593173e-02 -2.210168e-02 -6.504097e+01 2.346822e-02 2.389446e-02 -9.994390e-01 2.164776e-01 -5.537224e-02 -9.981486e-01 -2.516383e-02 4.381168e-01
-9.988798e-01 4.084646e-02 -2.388911e-02 -6.565110e+01 2.504867e-02 2.811603e-02 -9.992908e-01 2.201894e-01 -4.014583e-02 -9.987698e-01 -2.910769e-02 4.093765e-01
-9.994320e-01 2.216673e-02 -2.538406e-02 -6.624132e+01 2.603695e-02 2.967944e-02 -9.992203e-01 2.275573e-01 -2.139606e-02 -9.993137e-01 -3.023973e-02 3.864387e-01
-9.996527e-01 -7.812839e-04 -2.634238e-02 -6.678163e+01 2.630492e-02 3.137176e-02 -9.991616e-01 2.336791e-01 1.607036e-03 -9.995075e-01 -3.134032e-02 3.746164e-01
-9.993061e-01 -2.605985e-02 -2.661224e-02 -6.731802e+01 2.580277e-02 3.092058e-02 -9.991887e-01 2.465326e-01 2.686158e-02 -9.991820e-01 -3.022671e-02 3.836563e-01
-9.980727e-01 -5.598259e-02 -2.677398e-02 -6.782967e+01 2.514403e-02 2.961980e-02 -9.992449e-01 2.503483e-01 5.673335e-02 -9.979923e-01 -2.815508e-02 4.128589e-01
-9.955030e-01 -9.082673e-02 -2.691320e-02 -6.832192e+01 2.447485e-02 2.785418e-02 -9.993123e-01 2.558382e-01 9.151392e-02 -9.954771e-01 -2.550595e-02 4.636639e-01
-9.912245e-01 -1.293792e-01 -2.711133e-02 -6.880186e+01 2.377066e-02 2.729577e-02 -9.993447e-01 2.646094e-01 1.300345e-01 -9.912194e-01 -2.398081e-02 5.269347e-01
-9.850863e-01 -1.698649e-01 -2.740341e-02 -6.924876e+01 2.297826e-02 2.796270e-02 -9.993448e-01 2.673369e-01 1.705199e-01 -9.850705e-01 -2.364247e-02 6.043847e-01
-9.759928e-01 -2.159063e-01 -2.867851e-02 -6.969300e+01 2.355193e-02 2.628054e-02 -9.993771e-01 2.667557e-01 2.165255e-01 -9.760603e-01 -2.056460e-02 7.073386e-01
-9.641374e-01 -2.638620e-01 -2.856194e-02 -7.012160e+01 2.314646e-02 2.361063e-02 -9.994532e-01 2.740583e-01 2.643921e-01 -9.642714e-01 -1.665642e-02 8.406855e-01
-9.490436e-01 -3.142283e-01 -2.401710e-02 -7.054707e+01 2.004413e-02 1.586902e-02 -9.996731e-01 2.853076e-01 3.145067e-01 -9.492148e-01 -8.761953e-03 9.914560e-01
-9.309947e-01 -3.645283e-01 -1.918012e-02 -7.094884e+01 1.668033e-02 1.000522e-02 -9.998108e-01 2.889829e-01 3.646512e-01 -9.311386e-01 -3.234350e-03 1.168224e+00
-9.091094e-01 -4.162757e-01 -1.532019e-02 -7.133067e+01 1.477538e-02 4.530467e-03 -9.998806e-01 2.904661e-01 4.162954e-01 -9.092271e-01 2.031942e-03 1.371318e+00
-8.841035e-01 -4.670407e-01 -1.529745e-02 -7.170284e+01 1.548076e-02 3.444962e-03 -9.998742e-01 2.850344e-01 4.670347e-01 -8.842291e-01 4.184440e-03 1.592997e+00
-8.577366e-01 -5.138915e-01 -1.426148e-02 -7.206974e+01 1.546402e-02 1.937538e-03 -9.998785e-01 2.923339e-01 5.138567e-01 -8.578530e-01 6.284933e-03 1.837508e+00
-8.295964e-01 -5.582348e-01 -1.199054e-02 -7.241624e+01 1.635807e-02 -2.833419e-03 -9.998622e-01 3.065124e-01 5.581238e-01 -8.296782e-01 1.148224e-02 2.112317e+00
-7.992696e-01 -6.009457e-01 -5.690011e-03 -7.273005e+01 1.722721e-02 -1.344636e-02 -9.997612e-01 3.149456e-01 6.007257e-01 -7.991768e-01 2.109989e-02 2.405525e+00
-7.660182e-01 -6.428166e-01 -1.739619e-03 -7.303404e+01 1.697418e-02 -1.752199e-02 -9.997024e-01 2.988672e-01 6.425948e-01 -7.658197e-01 2.433345e-02 2.697079e+00
-7.297930e-01 -6.836604e-01 3.247677e-03 -7.332346e+01 1.043981e-02 -1.589384e-02 -9.998192e-01 2.936500e-01 6.835884e-01 -7.296271e-01 1.873650e-02 2.984454e+00
-6.899928e-01 -7.237591e-01 9.093449e-03 -7.360808e+01 4.874770e-04 -1.302786e-02 -9.999150e-01 3.001538e-01 7.238160e-01 -6.899298e-01 9.341946e-03 3.293941e+00
-6.469219e-01 -7.624501e-01 1.272405e-02 -7.388335e+01 -7.843629e-03 -1.003188e-02 -9.999189e-01 2.994405e-01 7.625160e-01 -6.469693e-01 5.094654e-04 3.637029e+00
-6.010663e-01 -7.991011e-01 1.252150e-02 -7.414311e+01 -9.711596e-03 -8.363341e-03 -9.999179e-01 2.942099e-01 7.991402e-01 -6.011385e-01 -2.733625e-03 4.009258e+00
-5.533251e-01 -8.328688e-01 1.268534e-02 -7.438261e+01 -1.101088e-02 -7.914311e-03 -9.999080e-01 2.898855e-01 8.328927e-01 -5.534139e-01 -4.791430e-03 4.426150e+00
-5.044829e-01 -8.633272e-01 1.277246e-02 -7.462570e+01 -1.291140e-02 -7.248100e-03 -9.998904e-01 2.792730e-01 8.633251e-01 -5.045925e-01 -7.490221e-03 4.862474e+00
-4.577530e-01 -8.890181e-01 1.044552e-02 -7.485088e+01 -1.170908e-02 -5.719535e-03 -9.999151e-01 2.718665e-01 8.890023e-01 -4.578364e-01 -7.791454e-03 5.342915e+00
-4.139124e-01 -9.102830e-01 7.834678e-03 -7.506087e+01 -1.070845e-02 -3.737095e-03 -9.999357e-01 2.504605e-01 9.102538e-01 -4.139696e-01 -8.200891e-03 5.855109e+00
-3.724765e-01 -9.280391e-01 2.131062e-03 -7.527634e+01 -1.098356e-02 2.112183e-03 -9.999375e-01 2.495441e-01 9.279766e-01 -3.724767e-01 -1.097991e-02 6.383835e+00
-3.360315e-01 -9.418477e-01 -2.410804e-03 -7.547019e+01 -1.024420e-02 6.214384e-03 -9.999282e-01 2.497021e-01 9.417951e-01 -3.359827e-01 -1.173670e-02 6.934931e+00
-3.060783e-01 -9.519960e-01 -4.431006e-03 -7.564294e+01 -8.639926e-03 7.431976e-03 -9.999350e-01 2.443373e-01 9.519671e-01 -3.060201e-01 -1.049994e-02 7.511162e+00
-2.821377e-01 -9.593613e-01 -4.930680e-03 -7.580439e+01 -6.968204e-03 7.188560e-03 -9.999499e-01 2.412211e-01 9.593486e-01 -2.820892e-01 -8.713189e-03 8.102861e+00
-2.613102e-01 -9.652464e-01 -4.035314e-03 -7.596684e+01 -5.053906e-03 5.548674e-03 -9.999718e-01 2.271230e-01 9.652416e-01 -2.612825e-01 -6.328190e-03 8.720531e+00
-2.436257e-01 -9.698550e-01 -5.271067e-03 -7.611520e+01 -2.471602e-03 6.055648e-03 -9.999786e-01 2.193897e-01 9.698662e-01 -2.436075e-01 -3.872407e-03 9.327203e+00
-2.286585e-01 -9.734547e-01 -1.006352e-02 -7.627937e+01 -2.528519e-05 1.034333e-02 -9.999465e-01 2.056097e-01 9.735067e-01 -2.286460e-01 -2.389705e-03 9.965759e+00
-2.151369e-01 -9.765039e-01 -1.249845e-02 -7.643177e+01 5.123931e-04 1.268526e-02 -9.999194e-01 2.035847e-01 9.765838e-01 -2.151259e-01 -2.228713e-03 1.061340e+01
-2.023222e-01 -9.792194e-01 -1.396505e-02 -7.656587e+01 1.368967e-03 1.397716e-02 -9.999014e-01 2.062051e-01 9.793181e-01 -2.023213e-01 -1.487370e-03 1.125811e+01
-1.888964e-01 -9.818974e-01 -1.399137e-02 -7.669793e+01 1.153903e-03 1.402592e-02 -9.999009e-01 2.011459e-01 9.819964e-01 -1.888939e-01 -1.516433e-03 1.193810e+01
-1.744013e-01 -9.845721e-01 -1.421224e-02 -7.682252e+01 1.584011e-03 1.415289e-02 -9.998986e-01 2.026210e-01 9.846734e-01 -1.744061e-01 -9.087092e-04 1.261435e+01
-1.605343e-01 -9.869239e-01 -1.449328e-02 -7.693955e+01 2.400576e-03 1.429329e-02 -9.998950e-01 1.948832e-01 9.870273e-01 -1.605522e-01 7.462277e-05 1.332916e+01
-1.468605e-01 -9.890420e-01 -1.509645e-02 -7.704758e+01 2.048047e-04 1.523152e-02 -9.998839e-01 1.894701e-01 9.891572e-01 -1.468466e-01 -2.034349e-03 1.404976e+01
-1.358613e-01 -9.906169e-01 -1.482918e-02 -7.715287e+01 -4.249768e-03 1.555055e-02 -9.998701e-01 1.806233e-01 9.907188e-01 -1.357806e-01 -6.322610e-03 1.479002e+01
-1.269460e-01 -9.918070e-01 -1.427115e-02 -7.724939e+01 -9.590022e-03 1.561410e-02 -9.998321e-01 1.728956e-01 9.918633e-01 -1.267879e-01 -1.149360e-02 1.550344e+01
-1.185742e-01 -9.927771e-01 -1.827064e-02 -7.733956e+01 -1.114795e-02 1.973032e-02 -9.997432e-01 1.609025e-01 9.928826e-01 -1.183401e-01 -1.340693e-02 1.626267e+01
-1.127370e-01 -9.934695e-01 -1.757177e-02 -7.742183e+01 -6.589313e-03 1.843164e-02 -9.998084e-01 1.545930e-01 9.936030e-01 -1.125996e-01 -8.624208e-03 1.704561e+01
-1.076155e-01 -9.939101e-01 -2.369827e-02 -7.751027e+01 1.645601e-03 2.365859e-02 -9.997187e-01 1.406995e-01 9.941912e-01 -1.076242e-01 -9.104503e-04 1.782111e+01
-1.038120e-01 -9.942532e-01 -2.614538e-02 -7.759772e+01 5.724993e-03 2.568964e-02 -9.996536e-01 1.365272e-01 9.945804e-01 -1.039257e-01 3.025200e-03 1.858527e+01
-9.978797e-02 -9.947216e-01 -2.390145e-02 -7.768484e+01 5.523273e-03 2.346721e-02 -9.997094e-01 1.306830e-01 9.949934e-01 -9.989098e-02 3.152373e-03 1.936082e+01
-9.670200e-02 -9.950665e-01 -2.216499e-02 -7.776045e+01 4.755237e-03 2.180721e-02 -9.997509e-01 1.257819e-01 9.953020e-01 -9.678331e-02 2.622976e-03 2.012418e+01
-9.452959e-02 -9.952610e-01 -2.279844e-02 -7.784185e+01 6.017161e-03 2.232936e-02 -9.997326e-01 1.229796e-01 9.955038e-01 -9.464149e-02 3.877860e-03 2.090326e+01
-9.313303e-02 -9.954186e-01 -2.163457e-02 -7.791259e+01 8.299010e-03 2.095215e-02 -9.997460e-01 1.185977e-01 9.956191e-01 -9.328893e-02 6.309652e-03 2.169026e+01
-8.899439e-02 -9.958125e-01 -2.091711e-02 -7.798563e+01 9.792954e-03 2.012462e-02 -9.997495e-01 1.154795e-01 9.959840e-01 -8.917695e-02 7.960967e-03 2.246707e+01
-8.653637e-02 -9.961131e-01 -1.643339e-02 -7.804965e+01 7.711673e-03 1.582502e-02 -9.998450e-01 1.139986e-01 9.962189e-01 -8.664969e-02 6.312259e-03 2.322667e+01
-8.404174e-02 -9.963173e-01 -1.699339e-02 -7.812197e+01 1.762343e-03 1.690508e-02 -9.998555e-01 1.015074e-01 9.964607e-01 -8.405954e-02 3.351210e-04 2.399128e+01
-8.230211e-02 -9.964398e-01 -1.828118e-02 -7.819466e+01 -7.346695e-03 1.894952e-02 -9.997935e-01 9.910193e-02 9.965804e-01 -8.215080e-02 -8.880124e-03 2.472905e+01
-8.113945e-02 -9.965110e-01 -1.954774e-02 -7.825301e+01 -1.085426e-02 2.049469e-02 -9.997311e-01 8.953938e-02 9.966437e-01 -8.090545e-02 -1.247932e-02 2.548107e+01
-7.864323e-02 -9.966590e-01 -2.204613e-02 -7.832567e+01 -9.600721e-03 2.287079e-02 -9.996923e-01 6.904593e-02 9.968566e-01 -7.840737e-02 -1.136728e-02 2.624386e+01
-7.583749e-02 -9.968157e-01 -2.463796e-02 -7.838754e+01 -5.784938e-03 2.514855e-02 -9.996670e-01 5.081235e-02 9.971034e-01 -7.566971e-02 -7.673721e-03 2.702131e+01
-7.315478e-02 -9.969457e-01 -2.734137e-02 -7.845292e+01 -1.334138e-03 2.751262e-02 -9.996206e-01 4.136064e-02 9.973197e-01 -7.309055e-02 -3.342743e-03 2.777504e+01
-7.273519e-02 -9.969234e-01 -2.921269e-02 -7.850970e+01 3.765602e-04 2.926282e-02 -9.995717e-01 3.580626e-02 9.973512e-01 -7.271504e-02 -1.753035e-03 2.851638e+01
-7.075120e-02 -9.971510e-01 -2.615792e-02 -7.855991e+01 1.459630e-03 2.612012e-02 -9.996578e-01 2.365236e-02 9.974929e-01 -7.076517e-02 -3.925580e-04 2.927648e+01
-6.928990e-02 -9.972653e-01 -2.570735e-02 -7.860480e+01 1.217534e-03 2.568473e-02 -9.996694e-01 1.238037e-02 9.975958e-01 -6.929828e-02 -5.654878e-04 3.003787e+01
-6.817240e-02 -9.973807e-01 -2.417263e-02 -7.866230e+01 6.638650e-04 2.418364e-02 -9.997073e-01 2.046438e-03 9.976733e-01 -6.816849e-02 -9.865307e-04 3.079982e+01
-6.699499e-02 -9.974959e-01 -2.266150e-02 -7.870852e+01 -8.054890e-04 2.276659e-02 -9.997405e-01 -4.078412e-03 9.977530e-01 -6.695936e-02 -2.328720e-03 3.155304e+01
-6.633657e-02 -9.975449e-01 -2.243887e-02 -7.875522e+01 -7.717502e-04 2.253970e-02 -9.997457e-01 -1.272700e-02 9.977970e-01 -6.630238e-02 -2.265062e-03 3.230727e+01
-6.534322e-02 -9.975878e-01 -2.342823e-02 -7.881342e+01 1.313092e-04 2.346981e-02 -9.997246e-01 -2.568511e-02 9.978628e-01 -6.532830e-02 -1.402601e-03 3.307887e+01
-6.500268e-02 -9.975467e-01 -2.598517e-02 -7.887624e+01 2.016510e-04 2.602711e-02 -9.996612e-01 -2.837760e-02 9.978850e-01 -6.498590e-02 -1.490676e-03 3.386336e+01
-6.640388e-02 -9.974580e-01 -2.584583e-02 -7.892628e+01 -3.515531e-04 2.592639e-02 -9.996638e-01 -3.898156e-02 9.977928e-01 -6.637247e-02 -2.072272e-03 3.464525e+01
-6.817186e-02 -9.973744e-01 -2.443115e-02 -7.898494e+01 2.638550e-04 2.447009e-02 -9.997005e-01 -5.198951e-02 9.976736e-01 -6.815789e-02 -1.405009e-03 3.542207e+01
-7.124785e-02 -9.971687e-01 -2.404678e-02 -7.903986e+01 2.684036e-04 2.408889e-02 -9.997098e-01 -6.053275e-02 9.974586e-01 -7.123363e-02 -1.448638e-03 3.623372e+01
-7.446321e-02 -9.968465e-01 -2.742833e-02 -7.911349e+01 8.061017e-05 2.749868e-02 -9.996218e-01 -7.010143e-02 9.972237e-01 -7.443726e-02 -1.967284e-03 3.705533e+01
-7.658648e-02 -9.966533e-01 -2.857978e-02 -7.918127e+01 -3.659470e-03 2.894475e-02 -9.995743e-01 -8.157435e-02 9.970562e-01 -7.644930e-02 -5.864000e-03 3.784387e+01
-7.931516e-02 -9.963855e-01 -3.041352e-02 -7.925350e+01 -7.472401e-03 3.110305e-02 -9.994882e-01 -8.323882e-02 9.968216e-01 -7.904730e-02 -9.912336e-03 3.865279e+01
-8.075992e-02 -9.963079e-01 -2.912650e-02 -7.932603e+01 -9.059737e-03 2.995449e-02 -9.995102e-01 -1.011898e-01 9.966924e-01 -8.045649e-02 -1.144541e-02 3.949913e+01
-8.267789e-02 -9.960799e-01 -3.145245e-02 -7.940042e+01 -8.548620e-03 3.226820e-02 -9.994427e-01 -1.068011e-01 9.965397e-01 -8.236293e-02 -1.118298e-02 4.034736e+01
-8.552288e-02 -9.959892e-01 -2.629269e-02 -7.946831e+01 -7.637728e-03 2.704397e-02 -9.996051e-01 -1.371011e-01 9.963070e-01 -8.528829e-02 -9.919973e-03 4.118330e+01
-8.722478e-02 -9.958889e-01 -2.443544e-02 -7.955395e+01 -5.877462e-03 2.504297e-02 -9.996691e-01 -1.528509e-01 9.961713e-01 -8.705230e-02 -8.037667e-03 4.201362e+01
-8.788890e-02 -9.957926e-01 -2.593723e-02 -7.963417e+01 -3.158426e-03 2.631643e-02 -9.996487e-01 -1.594234e-01 9.961253e-01 -8.777610e-02 -5.458059e-03 4.285626e+01
-8.895040e-02 -9.957027e-01 -2.576505e-02 -7.971167e+01 1.728344e-03 2.571325e-02 -9.996679e-01 -1.725931e-01 9.960346e-01 -8.896539e-02 -5.662870e-04 4.370131e+01
-8.870011e-02 -9.957536e-01 -2.463713e-02 -7.978606e+01 5.511079e-03 2.424362e-02 -9.996909e-01 -1.844693e-01 9.960431e-01 -8.880847e-02 3.337265e-03 4.455045e+01
-8.694533e-02 -9.958188e-01 -2.802625e-02 -7.987991e+01 5.995111e-03 2.760925e-02 -9.996008e-01 -1.908869e-01 9.961950e-01 -8.707865e-02 3.569549e-03 4.541153e+01
-8.453486e-02 -9.960173e-01 -2.834240e-02 -7.996063e+01 4.536574e-03 2.805920e-02 -9.995959e-01 -2.018485e-01 9.964102e-01 -8.462928e-02 2.146527e-03 4.626100e+01
-8.323805e-02 -9.962339e-01 -2.427812e-02 -8.003018e+01 2.048073e-03 2.419160e-02 -9.997053e-01 -2.028885e-01 9.965276e-01 -8.326324e-02 2.669870e-05 4.710770e+01
-8.181740e-02 -9.964508e-01 -1.978910e-02 -8.010423e+01 1.400312e-03 1.974072e-02 -9.998041e-01 -2.071139e-01 9.966463e-01 -8.182909e-02 -2.197922e-04 4.799110e+01
-7.958758e-02 -9.966214e-01 -2.029070e-02 -8.018307e+01 3.065458e-04 2.033079e-02 -9.997932e-01 -2.236908e-01 9.968278e-01 -7.957735e-02 -1.312569e-03 4.886039e+01
-7.842831e-02 -9.967313e-01 -1.938190e-02 -8.025048e+01 2.167701e-03 1.927124e-02 -9.998119e-01 -2.227774e-01 9.969174e-01 -7.845557e-02 6.492048e-04 4.973951e+01
-7.776084e-02 -9.967993e-01 -1.855786e-02 -8.031351e+01 4.988827e-03 1.822495e-02 -9.998215e-01 -2.416652e-01 9.969596e-01 -7.783954e-02 3.555673e-03 5.062018e+01
-7.687705e-02 -9.968697e-01 -1.845905e-02 -8.038260e+01 4.954363e-03 1.813167e-02 -9.998233e-01 -2.512230e-01 9.970283e-01 -7.695492e-02 3.544945e-03 5.150200e+01
-7.599022e-02 -9.969202e-01 -1.938314e-02 -8.046210e+01 2.265882e-03 1.926664e-02 -9.998118e-01 -2.654434e-01 9.971060e-01 -7.601984e-02 7.948268e-04 5.235378e+01
-7.488417e-02 -9.969979e-01 -1.968562e-02 -8.053539e+01 -2.332782e-03 1.991614e-02 -9.997990e-01 -2.756971e-01 9.971895e-01 -7.482319e-02 -3.817183e-03 5.321629e+01
-7.436501e-02 -9.970092e-01 -2.103757e-02 -8.061191e+01 -7.383881e-03 2.164591e-02 -9.997385e-01 -2.945970e-01 9.972038e-01 -7.419022e-02 -8.971496e-03 5.407726e+01
-7.365014e-02 -9.969903e-01 -2.420791e-02 -8.069202e+01 -1.360099e-02 2.527573e-02 -9.995880e-01 -3.063897e-01 9.971914e-01 -7.329054e-02 -1.542162e-02 5.493475e+01
-7.230730e-02 -9.971080e-01 -2.339516e-02 -8.076159e+01 -1.498010e-02 2.453963e-02 -9.995866e-01 -3.268148e-01 9.972699e-01 -7.192695e-02 -1.671117e-02 5.577745e+01
-7.189576e-02 -9.971136e-01 -2.439940e-02 -8.082516e+01 -9.885162e-03 2.517383e-02 -9.996342e-01 -3.526509e-01 9.973632e-01 -7.162827e-02 -1.166652e-02 5.666206e+01
-7.265467e-02 -9.970347e-01 -2.535845e-02 -8.089327e+01 4.333252e-04 2.539409e-02 -9.996774e-01 -3.770494e-01 9.973571e-01 -7.264223e-02 -1.412959e-03 5.751316e+01
-7.385635e-02 -9.970047e-01 -2.295453e-02 -8.095273e+01 7.890468e-03 2.243247e-02 -9.997172e-01 -3.931434e-01 9.972377e-01 -7.401659e-02 6.210054e-03 5.837211e+01
-7.693510e-02 -9.968482e-01 -1.935749e-02 -8.101543e+01 6.371534e-03 1.892308e-02 -9.998006e-01 -3.831950e-01 9.970158e-01 -7.704309e-02 4.895604e-03 5.922478e+01
-7.880640e-02 -9.967762e-01 -1.505660e-02 -8.107137e+01 3.602813e-03 1.481869e-02 -9.998837e-01 -3.945423e-01 9.968835e-01 -7.885148e-02 2.423390e-03 6.004455e+01
-8.111650e-02 -9.966189e-01 -1.307691e-02 -8.113153e+01 1.507667e-03 1.299744e-02 -9.999144e-01 -4.054321e-01 9.967035e-01 -8.112928e-02 4.482625e-04 6.087369e+01
-8.412662e-02 -9.963555e-01 -1.408790e-02 -8.121558e+01 -4.320080e-04 1.417449e-02 -9.998994e-01 -4.226680e-01 9.964550e-01 -8.411208e-02 -1.622885e-03 6.170436e+01
-8.779295e-02 -9.960460e-01 -1.359140e-02 -8.128803e+01 -3.712052e-03 1.397111e-02 -9.998955e-01 -4.336011e-01 9.961318e-01 -8.773332e-02 -4.923939e-03 6.251770e+01
-9.150188e-02 -9.956666e-01 -1.659847e-02 -8.136015e+01 -7.124265e-03 1.732251e-02 -9.998246e-01 -4.544896e-01 9.957794e-01 -9.136757e-02 -8.678434e-03 6.333434e+01
-9.452683e-02 -9.953979e-01 -1.573560e-02 -8.144463e+01 -1.074761e-02 1.682583e-02 -9.998007e-01 -4.770744e-01 9.954643e-01 -9.433886e-02 -1.228864e-02 6.415448e+01
-9.857711e-02 -9.948865e-01 -2.198676e-02 -8.153876e+01 -1.074365e-02 2.315709e-02 -9.996741e-01 -5.065172e-01 9.950714e-01 -9.830876e-02 -1.297147e-02 6.497885e+01
-1.014209e-01 -9.945124e-01 -2.566827e-02 -8.163831e+01 -9.600922e-03 2.677856e-02 -9.995953e-01 -5.161940e-01 9.947973e-01 -1.011334e-01 -1.226414e-02 6.577623e+01
-1.052144e-01 -9.940599e-01 -2.783562e-02 -8.173190e+01 -4.664240e-03 2.848397e-02 -9.995834e-01 -5.253717e-01 9.944386e-01 -1.050407e-01 -7.633458e-03 6.657924e+01
-1.095501e-01 -9.935957e-01 -2.768172e-02 -8.182676e+01 4.762280e-04 2.779686e-02 -9.996135e-01 -5.364000e-01 9.939812e-01 -1.095209e-01 -2.571971e-03 6.738433e+01
-1.140202e-01 -9.931124e-01 -2.696386e-02 -8.191631e+01 5.002126e-03 2.656664e-02 -9.996345e-01 -5.507136e-01 9.934658e-01 -1.141134e-01 1.938540e-03 6.818035e+01
-1.202890e-01 -9.924054e-01 -2.573371e-02 -8.201375e+01 6.401471e-03 2.514599e-02 -9.996633e-01 -5.616954e-01 9.927183e-01 -1.204132e-01 3.328068e-03 6.899235e+01
-1.261493e-01 -9.916418e-01 -2.707312e-02 -8.211722e+01 8.987799e-03 2.614751e-02 -9.996177e-01 -5.804147e-01 9.919705e-01 -1.263444e-01 5.614188e-03 6.977570e+01
-1.322460e-01 -9.908690e-01 -2.625959e-02 -8.221883e+01 9.711028e-03 2.519583e-02 -9.996353e-01 -5.930378e-01 9.911693e-01 -1.324528e-01 6.290308e-03 7.055330e+01
-1.380560e-01 -9.899876e-01 -2.941141e-02 -8.233904e+01 9.191820e-03 2.841380e-02 -9.995540e-01 -6.019954e-01 9.903818e-01 -1.382647e-01 5.177094e-03 7.131239e+01
-1.432871e-01 -9.891585e-01 -3.216053e-02 -8.246404e+01 6.962175e-03 3.148758e-02 -9.994799e-01 -6.117272e-01 9.896567e-01 -1.434365e-01 2.374930e-03 7.208624e+01
-1.501822e-01 -9.881437e-01 -3.189545e-02 -8.257842e+01 4.093766e-03 3.163953e-02 -9.994910e-01 -6.189763e-01 9.886498e-01 -1.502363e-01 -7.064659e-04 7.285077e+01
-1.556182e-01 -9.873635e-01 -2.993959e-02 -8.270569e+01 2.624630e-03 2.989544e-02 -9.995496e-01 -6.205512e-01 9.878138e-01 -1.556267e-01 -2.060811e-03 7.360837e+01
-1.591968e-01 -9.865707e-01 -3.653277e-02 -8.284852e+01 6.034916e-03 3.603152e-02 -9.993324e-01 -6.252428e-01 9.872284e-01 -1.593110e-01 2.177681e-04 7.439249e+01
-1.654226e-01 -9.855174e-01 -3.729487e-02 -8.297926e+01 9.756695e-03 3.617867e-02 -9.992977e-01 -6.188893e-01 9.861745e-01 -1.656703e-01 3.630625e-03 7.515614e+01
-1.710264e-01 -9.846606e-01 -3.454707e-02 -8.311279e+01 1.265878e-02 3.286478e-02 -9.993796e-01 -6.321271e-01 9.851851e-01 -1.713577e-01 6.843859e-03 7.590001e+01
-1.791487e-01 -9.833180e-01 -3.148942e-02 -8.325894e+01 1.001480e-02 3.018287e-02 -9.994942e-01 -6.352708e-01 9.837710e-01 -1.793734e-01 4.440513e-03 7.664033e+01
-1.874722e-01 -9.817335e-01 -3.245723e-02 -8.340164e+01 3.671941e-03 3.234243e-02 -9.994701e-01 -6.531903e-01 9.822630e-01 -1.874921e-01 -2.458439e-03 7.739148e+01
-1.967969e-01 -9.799994e-01 -2.953063e-02 -8.355629e+01 1.042784e-03 2.991041e-02 -9.995520e-01 -6.625274e-01 9.804437e-01 -1.967395e-01 -4.864348e-03 7.814258e+01
-2.076479e-01 -9.777738e-01 -2.899661e-02 -8.372631e+01 3.039084e-03 2.899773e-02 -9.995748e-01 -6.532536e-01 9.781989e-01 -2.076477e-01 -3.049781e-03 7.889175e+01
-2.183032e-01 -9.754618e-01 -2.860137e-02 -8.389828e+01 8.044322e-03 2.750853e-02 -9.995892e-01 -6.439213e-01 9.758478e-01 -2.184436e-01 1.841728e-03 7.963914e+01
-2.294318e-01 -9.727948e-01 -3.211478e-02 -8.409136e+01 1.408129e-02 2.967405e-02 -9.994605e-01 -6.327237e-01 9.732229e-01 -2.297602e-01 6.890038e-03 8.037878e+01
-2.399036e-01 -9.702232e-01 -3.336278e-02 -8.428374e+01 1.843091e-02 2.980823e-02 -9.993857e-01 -6.421524e-01 9.706218e-01 -2.403711e-01 1.073100e-02 8.111180e+01
-2.515993e-01 -9.672273e-01 -3.419226e-02 -8.447893e+01 1.748164e-02 3.078125e-02 -9.993733e-01 -6.584893e-01 9.676736e-01 -2.520393e-01 9.164177e-03 8.182705e+01
-2.634293e-01 -9.642057e-01 -3.020382e-02 -8.468668e+01 9.339196e-03 2.875921e-02 -9.995427e-01 -6.695318e-01 9.646335e-01 -2.635909e-01 1.428889e-03 8.254520e+01
-2.749897e-01 -9.609529e-01 -3.082398e-02 -8.489550e+01 4.444236e-03 3.078917e-02 -9.995160e-01 -6.816006e-01 9.614369e-01 -2.749936e-01 -4.196003e-03 8.324503e+01
